address,close,high,low,open,type,ts,volume,currency,date
B7hSKBJaHwn8LaaCqqRSnreqvsaxg3obRYQ7Ecr2pump,6.820274885878821e-06,7.3079943978428995e-06,6.820274885878821e-06,7.19471483960293e-06,12H,1733659200,156354945.77668703,usd,2024-12-08
B7hSKBJaHwn8LaaCqqRSnreqvsaxg3obRYQ7Ecr2pump,6.820274885878821e-06,6.820274885878821e-06,6.820274885878821e-06,6.820274885878821e-06,12H,1733702400,0.0,usd,2024-12-09
B7hSKBJaHwn8LaaCqqRSnreqvsaxg3obRYQ7Ecr2pump,6.820274885878821e-06,6.820274885878821e-06,6.820274885878821e-06,6.820274885878821e-06,12H,1733745600,0.0,usd,2024-12-09
B7hSKBJaHwn8LaaCqqRSnreqvsaxg3obRYQ7Ecr2pump,6.820274885878821e-06,6.820274885878821e-06,6.820274885878821e-06,6.820274885878821e-06,12H,1733788800,0.0,usd,2024-12-10
B7hSKBJaHwn8LaaCqqRSnreqvsaxg3obRYQ7Ecr2pump,6.820274885878821e-06,6.820274885878821e-06,6.820274885878821e-06,6.820274885878821e-06,12H,1733832000,0.0,usd,2024-12-10
B7hSKBJaHwn8LaaCqqRSnreqvsaxg3obRYQ7Ecr2pump,6.820274885878821e-06,6.820274885878821e-06,6.820274885878821e-06,6.820274885878821e-06,12H,1733875200,0.0,usd,2024-12-11
B7hSKBJaHwn8LaaCqqRSnreqvsaxg3obRYQ7Ecr2pump,6.820274885878821e-06,6.820274885878821e-06,6.820274885878821e-06,6.820274885878821e-06,12H,1733918400,0.0,usd,2024-12-11
B7hSKBJaHwn8LaaCqqRSnreqvsaxg3obRYQ7Ecr2pump,6.820274885878821e-06,6.820274885878821e-06,6.820274885878821e-06,6.820274885878821e-06,12H,1733961600,0.0,usd,2024-12-12
B7hSKBJaHwn8LaaCqqRSnreqvsaxg3obRYQ7Ecr2pump,6.820274885878821e-06,6.820274885878821e-06,6.820274885878821e-06,6.820274885878821e-06,12H,1734004800,0.0,usd,2024-12-12
B7hSKBJaHwn8LaaCqqRSnreqvsaxg3obRYQ7Ecr2pump,6.820274885878821e-06,6.820274885878821e-06,6.820274885878821e-06,6.820274885878821e-06,12H,1734048000,0.0,usd,2024-12-13
B7hSKBJaHwn8LaaCqqRSnreqvsaxg3obRYQ7Ecr2pump,6.820274885878821e-06,6.820274885878821e-06,6.820274885878821e-06,6.820274885878821e-06,12H,1734091200,0.0,usd,2024-12-13
B7hSKBJaHwn8LaaCqqRSnreqvsaxg3obRYQ7Ecr2pump,6.820274885878821e-06,6.820274885878821e-06,6.820274885878821e-06,6.820274885878821e-06,12H,1734134400,0.0,usd,2024-12-14
B7hSKBJaHwn8LaaCqqRSnreqvsaxg3obRYQ7Ecr2pump,6.820274885878821e-06,6.820274885878821e-06,6.820274885878821e-06,6.820274885878821e-06,12H,1734177600,0.0,usd,2024-12-14
B7hSKBJaHwn8LaaCqqRSnreqvsaxg3obRYQ7Ecr2pump,6.820274885878821e-06,6.820274885878821e-06,6.820274885878821e-06,6.820274885878821e-06,12H,1734220800,0.0,usd,2024-12-15
B7hSKBJaHwn8LaaCqqRSnreqvsaxg3obRYQ7Ecr2pump,6.820274885878821e-06,6.820274885878821e-06,6.820274885878821e-06,6.820274885878821e-06,12H,1734264000,0.0,usd,2024-12-15
B7hSKBJaHwn8LaaCqqRSnreqvsaxg3obRYQ7Ecr2pump,6.820274885878821e-06,6.820274885878821e-06,6.820274885878821e-06,6.820274885878821e-06,12H,1734307200,0.0,usd,2024-12-16
B7hSKBJaHwn8LaaCqqRSnreqvsaxg3obRYQ7Ecr2pump,6.820274885878821e-06,6.820274885878821e-06,6.820274885878821e-06,6.820274885878821e-06,12H,1734350400,0.0,usd,2024-12-16
B7hSKBJaHwn8LaaCqqRSnreqvsaxg3obRYQ7Ecr2pump,6.820274885878821e-06,6.820274885878821e-06,6.820274885878821e-06,6.820274885878821e-06,12H,1734393600,0.0,usd,2024-12-17
B7hSKBJaHwn8LaaCqqRSnreqvsaxg3obRYQ7Ecr2pump,6.820274885878821e-06,6.820274885878821e-06,6.820274885878821e-06,6.820274885878821e-06,12H,1734436800,0.0,usd,2024-12-17
B7hSKBJaHwn8LaaCqqRSnreqvsaxg3obRYQ7Ecr2pump,6.820274885878821e-06,6.820274885878821e-06,6.820274885878821e-06,6.820274885878821e-06,12H,1734480000,0.0,usd,2024-12-18
B7hSKBJaHwn8LaaCqqRSnreqvsaxg3obRYQ7Ecr2pump,6.820274885878821e-06,6.820274885878821e-06,6.820274885878821e-06,6.820274885878821e-06,12H,1734523200,0.0,usd,2024-12-18
B7hSKBJaHwn8LaaCqqRSnreqvsaxg3obRYQ7Ecr2pump,6.820274885878821e-06,6.820274885878821e-06,6.820274885878821e-06,6.820274885878821e-06,12H,1734566400,0.0,usd,2024-12-19
B7hSKBJaHwn8LaaCqqRSnreqvsaxg3obRYQ7Ecr2pump,6.820274885878821e-06,6.820274885878821e-06,6.820274885878821e-06,6.820274885878821e-06,12H,1734609600,0.0,usd,2024-12-19
B7hSKBJaHwn8LaaCqqRSnreqvsaxg3obRYQ7Ecr2pump,6.820274885878821e-06,6.820274885878821e-06,6.820274885878821e-06,6.820274885878821e-06,12H,1734652800,0.0,usd,2024-12-20
B7hSKBJaHwn8LaaCqqRSnreqvsaxg3obRYQ7Ecr2pump,6.820274885878821e-06,6.820274885878821e-06,6.820274885878821e-06,6.820274885878821e-06,12H,1734696000,0.0,usd,2024-12-20
B7hSKBJaHwn8LaaCqqRSnreqvsaxg3obRYQ7Ecr2pump,6.820274885878821e-06,6.820274885878821e-06,6.820274885878821e-06,6.820274885878821e-06,12H,1734739200,0.0,usd,2024-12-21
B7hSKBJaHwn8LaaCqqRSnreqvsaxg3obRYQ7Ecr2pump,6.820274885878821e-06,6.820274885878821e-06,6.820274885878821e-06,6.820274885878821e-06,12H,1734782400,0.0,usd,2024-12-21
B7hSKBJaHwn8LaaCqqRSnreqvsaxg3obRYQ7Ecr2pump,6.820274885878821e-06,6.820274885878821e-06,6.820274885878821e-06,6.820274885878821e-06,12H,1734825600,0.0,usd,2024-12-22
B7hSKBJaHwn8LaaCqqRSnreqvsaxg3obRYQ7Ecr2pump,6.820274885878821e-06,6.820274885878821e-06,6.820274885878821e-06,6.820274885878821e-06,12H,1734868800,0.0,usd,2024-12-22
B7hSKBJaHwn8LaaCqqRSnreqvsaxg3obRYQ7Ecr2pump,6.820274885878821e-06,6.820274885878821e-06,6.820274885878821e-06,6.820274885878821e-06,12H,1734912000,0.0,usd,2024-12-23
B7hSKBJaHwn8LaaCqqRSnreqvsaxg3obRYQ7Ecr2pump,6.820274885878821e-06,6.820274885878821e-06,6.820274885878821e-06,6.820274885878821e-06,12H,1734955200,0.0,usd,2024-12-23
B7hSKBJaHwn8LaaCqqRSnreqvsaxg3obRYQ7Ecr2pump,6.820274885878821e-06,6.820274885878821e-06,6.820274885878821e-06,6.820274885878821e-06,12H,1734998400,0.0,usd,2024-12-24
B7hSKBJaHwn8LaaCqqRSnreqvsaxg3obRYQ7Ecr2pump,6.820274885878821e-06,6.820274885878821e-06,6.820274885878821e-06,6.820274885878821e-06,12H,1735041600,0.0,usd,2024-12-24
B7hSKBJaHwn8LaaCqqRSnreqvsaxg3obRYQ7Ecr2pump,6.820274885878821e-06,6.820274885878821e-06,6.820274885878821e-06,6.820274885878821e-06,12H,1735084800,0.0,usd,2024-12-25
B7hSKBJaHwn8LaaCqqRSnreqvsaxg3obRYQ7Ecr2pump,6.820274885878821e-06,6.820274885878821e-06,6.820274885878821e-06,6.820274885878821e-06,12H,1735128000,0.0,usd,2024-12-25
B7hSKBJaHwn8LaaCqqRSnreqvsaxg3obRYQ7Ecr2pump,6.820274885878821e-06,6.820274885878821e-06,6.820274885878821e-06,6.820274885878821e-06,12H,1735171200,0.0,usd,2024-12-26
B7hSKBJaHwn8LaaCqqRSnreqvsaxg3obRYQ7Ecr2pump,6.820274885878821e-06,6.820274885878821e-06,6.820274885878821e-06,6.820274885878821e-06,12H,1735214400,0.0,usd,2024-12-26
B7hSKBJaHwn8LaaCqqRSnreqvsaxg3obRYQ7Ecr2pump,6.820274885878821e-06,6.820274885878821e-06,6.820274885878821e-06,6.820274885878821e-06,12H,1735257600,0.0,usd,2024-12-27
B7hSKBJaHwn8LaaCqqRSnreqvsaxg3obRYQ7Ecr2pump,6.820274885878821e-06,6.820274885878821e-06,6.820274885878821e-06,6.820274885878821e-06,12H,1735300800,0.0,usd,2024-12-27
B7hSKBJaHwn8LaaCqqRSnreqvsaxg3obRYQ7Ecr2pump,6.820274885878821e-06,6.820274885878821e-06,6.820274885878821e-06,6.820274885878821e-06,12H,1735344000,0.0,usd,2024-12-28
B7hSKBJaHwn8LaaCqqRSnreqvsaxg3obRYQ7Ecr2pump,6.820274885878821e-06,6.820274885878821e-06,6.820274885878821e-06,6.820274885878821e-06,12H,1735387200,0.0,usd,2024-12-28
B7hSKBJaHwn8LaaCqqRSnreqvsaxg3obRYQ7Ecr2pump,6.820274885878821e-06,6.820274885878821e-06,6.820274885878821e-06,6.820274885878821e-06,12H,1735430400,0.0,usd,2024-12-29
B7hSKBJaHwn8LaaCqqRSnreqvsaxg3obRYQ7Ecr2pump,6.820274885878821e-06,6.820274885878821e-06,6.820274885878821e-06,6.820274885878821e-06,12H,1735473600,0.0,usd,2024-12-29
B7hSKBJaHwn8LaaCqqRSnreqvsaxg3obRYQ7Ecr2pump,6.820274885878821e-06,6.820274885878821e-06,6.820274885878821e-06,6.820274885878821e-06,12H,1735516800,0.0,usd,2024-12-30
B7hSKBJaHwn8LaaCqqRSnreqvsaxg3obRYQ7Ecr2pump,6.820274885878821e-06,6.820274885878821e-06,6.820274885878821e-06,6.820274885878821e-06,12H,1735560000,0.0,usd,2024-12-30
B7hSKBJaHwn8LaaCqqRSnreqvsaxg3obRYQ7Ecr2pump,6.820274885878821e-06,6.820274885878821e-06,6.820274885878821e-06,6.820274885878821e-06,12H,1735603200,0.0,usd,2024-12-31
B7hSKBJaHwn8LaaCqqRSnreqvsaxg3obRYQ7Ecr2pump,6.820274885878821e-06,6.820274885878821e-06,6.820274885878821e-06,6.820274885878821e-06,12H,1735646400,0.0,usd,2024-12-31
B7hSKBJaHwn8LaaCqqRSnreqvsaxg3obRYQ7Ecr2pump,6.820274885878821e-06,6.820274885878821e-06,6.820274885878821e-06,6.820274885878821e-06,12H,1735689600,0.0,usd,2025-01-01
B7hSKBJaHwn8LaaCqqRSnreqvsaxg3obRYQ7Ecr2pump,6.820274885878821e-06,6.820274885878821e-06,6.820274885878821e-06,6.820274885878821e-06,12H,1735732800,0.0,usd,2025-01-01
B7hSKBJaHwn8LaaCqqRSnreqvsaxg3obRYQ7Ecr2pump,6.820274885878821e-06,6.820274885878821e-06,6.820274885878821e-06,6.820274885878821e-06,12H,1735776000,0.0,usd,2025-01-02
B7hSKBJaHwn8LaaCqqRSnreqvsaxg3obRYQ7Ecr2pump,6.820274885878821e-06,6.820274885878821e-06,6.820274885878821e-06,6.820274885878821e-06,12H,1735819200,0.0,usd,2025-01-02
B7hSKBJaHwn8LaaCqqRSnreqvsaxg3obRYQ7Ecr2pump,6.820274885878821e-06,6.820274885878821e-06,6.820274885878821e-06,6.820274885878821e-06,12H,1735862400,0.0,usd,2025-01-03
B7hSKBJaHwn8LaaCqqRSnreqvsaxg3obRYQ7Ecr2pump,6.820274885878821e-06,6.820274885878821e-06,6.820274885878821e-06,6.820274885878821e-06,12H,1735905600,0.0,usd,2025-01-03
B7hSKBJaHwn8LaaCqqRSnreqvsaxg3obRYQ7Ecr2pump,6.820274885878821e-06,6.820274885878821e-06,6.820274885878821e-06,6.820274885878821e-06,12H,1735948800,0.0,usd,2025-01-04
B7hSKBJaHwn8LaaCqqRSnreqvsaxg3obRYQ7Ecr2pump,6.820274885878821e-06,6.820274885878821e-06,6.820274885878821e-06,6.820274885878821e-06,12H,1735992000,0.0,usd,2025-01-04
B7hSKBJaHwn8LaaCqqRSnreqvsaxg3obRYQ7Ecr2pump,6.820274885878821e-06,6.820274885878821e-06,6.820274885878821e-06,6.820274885878821e-06,12H,1736035200,0.0,usd,2025-01-05
B7hSKBJaHwn8LaaCqqRSnreqvsaxg3obRYQ7Ecr2pump,6.820274885878821e-06,6.820274885878821e-06,6.820274885878821e-06,6.820274885878821e-06,12H,1736078400,0.0,usd,2025-01-05
B7hSKBJaHwn8LaaCqqRSnreqvsaxg3obRYQ7Ecr2pump,6.820274885878821e-06,6.820274885878821e-06,6.820274885878821e-06,6.820274885878821e-06,12H,1736121600,0.0,usd,2025-01-06
B7hSKBJaHwn8LaaCqqRSnreqvsaxg3obRYQ7Ecr2pump,6.820274885878821e-06,6.820274885878821e-06,6.820274885878821e-06,6.820274885878821e-06,12H,1736164800,0.0,usd,2025-01-06
B7hSKBJaHwn8LaaCqqRSnreqvsaxg3obRYQ7Ecr2pump,6.820274885878821e-06,6.820274885878821e-06,6.820274885878821e-06,6.820274885878821e-06,12H,1736208000,0.0,usd,2025-01-07
B7hSKBJaHwn8LaaCqqRSnreqvsaxg3obRYQ7Ecr2pump,6.820274885878821e-06,6.820274885878821e-06,6.820274885878821e-06,6.820274885878821e-06,12H,1736251200,0.0,usd,2025-01-07
B7hSKBJaHwn8LaaCqqRSnreqvsaxg3obRYQ7Ecr2pump,6.820274885878821e-06,6.820274885878821e-06,6.820274885878821e-06,6.820274885878821e-06,12H,1736294400,0.0,usd,2025-01-08
B7hSKBJaHwn8LaaCqqRSnreqvsaxg3obRYQ7Ecr2pump,6.820274885878821e-06,6.820274885878821e-06,6.820274885878821e-06,6.820274885878821e-06,12H,1736337600,0.0,usd,2025-01-08
B7hSKBJaHwn8LaaCqqRSnreqvsaxg3obRYQ7Ecr2pump,6.820274885878821e-06,6.820274885878821e-06,6.820274885878821e-06,6.820274885878821e-06,12H,1736380800,0.0,usd,2025-01-09
B7hSKBJaHwn8LaaCqqRSnreqvsaxg3obRYQ7Ecr2pump,6.820274885878821e-06,6.820274885878821e-06,6.820274885878821e-06,6.820274885878821e-06,12H,1736424000,0.0,usd,2025-01-09
B7hSKBJaHwn8LaaCqqRSnreqvsaxg3obRYQ7Ecr2pump,6.820274885878821e-06,6.820274885878821e-06,6.820274885878821e-06,6.820274885878821e-06,12H,1736467200,0.0,usd,2025-01-10
B7hSKBJaHwn8LaaCqqRSnreqvsaxg3obRYQ7Ecr2pump,6.820274885878821e-06,6.820274885878821e-06,6.820274885878821e-06,6.820274885878821e-06,12H,1736510400,0.0,usd,2025-01-10
B7hSKBJaHwn8LaaCqqRSnreqvsaxg3obRYQ7Ecr2pump,6.820274885878821e-06,6.820274885878821e-06,6.820274885878821e-06,6.820274885878821e-06,12H,1736553600,0.0,usd,2025-01-11
B7hSKBJaHwn8LaaCqqRSnreqvsaxg3obRYQ7Ecr2pump,6.820274885878821e-06,6.820274885878821e-06,6.820274885878821e-06,6.820274885878821e-06,12H,1736596800,0.0,usd,2025-01-11
B7hSKBJaHwn8LaaCqqRSnreqvsaxg3obRYQ7Ecr2pump,6.820274885878821e-06,6.820274885878821e-06,6.820274885878821e-06,6.820274885878821e-06,12H,1736640000,0.0,usd,2025-01-12
B7hSKBJaHwn8LaaCqqRSnreqvsaxg3obRYQ7Ecr2pump,6.820274885878821e-06,6.820274885878821e-06,6.820274885878821e-06,6.820274885878821e-06,12H,1736683200,0.0,usd,2025-01-12
B7hSKBJaHwn8LaaCqqRSnreqvsaxg3obRYQ7Ecr2pump,6.820274885878821e-06,6.820274885878821e-06,6.820274885878821e-06,6.820274885878821e-06,12H,1736726400,0.0,usd,2025-01-13
B7hSKBJaHwn8LaaCqqRSnreqvsaxg3obRYQ7Ecr2pump,6.820274885878821e-06,6.820274885878821e-06,6.820274885878821e-06,6.820274885878821e-06,12H,1736769600,0.0,usd,2025-01-13
B7hSKBJaHwn8LaaCqqRSnreqvsaxg3obRYQ7Ecr2pump,6.820274885878821e-06,6.820274885878821e-06,6.820274885878821e-06,6.820274885878821e-06,12H,1736812800,0.0,usd,2025-01-14
B7hSKBJaHwn8LaaCqqRSnreqvsaxg3obRYQ7Ecr2pump,6.820274885878821e-06,6.820274885878821e-06,6.820274885878821e-06,6.820274885878821e-06,12H,1736856000,0.0,usd,2025-01-14
B7hSKBJaHwn8LaaCqqRSnreqvsaxg3obRYQ7Ecr2pump,6.820274885878821e-06,6.820274885878821e-06,6.820274885878821e-06,6.820274885878821e-06,12H,1736899200,0.0,usd,2025-01-15
B7hSKBJaHwn8LaaCqqRSnreqvsaxg3obRYQ7Ecr2pump,6.820274885878821e-06,6.820274885878821e-06,6.820274885878821e-06,6.820274885878821e-06,12H,1736942400,0.0,usd,2025-01-15
B7hSKBJaHwn8LaaCqqRSnreqvsaxg3obRYQ7Ecr2pump,6.820274885878821e-06,6.820274885878821e-06,6.820274885878821e-06,6.820274885878821e-06,12H,1736985600,0.0,usd,2025-01-16
B7hSKBJaHwn8LaaCqqRSnreqvsaxg3obRYQ7Ecr2pump,6.820274885878821e-06,6.820274885878821e-06,6.820274885878821e-06,6.820274885878821e-06,12H,1737028800,0.0,usd,2025-01-16
B7hSKBJaHwn8LaaCqqRSnreqvsaxg3obRYQ7Ecr2pump,6.820274885878821e-06,6.820274885878821e-06,6.820274885878821e-06,6.820274885878821e-06,12H,1737072000,0.0,usd,2025-01-17
B7hSKBJaHwn8LaaCqqRSnreqvsaxg3obRYQ7Ecr2pump,6.820274885878821e-06,6.820274885878821e-06,6.820274885878821e-06,6.820274885878821e-06,12H,1737115200,0.0,usd,2025-01-17
B7hSKBJaHwn8LaaCqqRSnreqvsaxg3obRYQ7Ecr2pump,6.820274885878821e-06,6.820274885878821e-06,6.820274885878821e-06,6.820274885878821e-06,12H,1737158400,0.0,usd,2025-01-18
B7hSKBJaHwn8LaaCqqRSnreqvsaxg3obRYQ7Ecr2pump,6.820274885878821e-06,6.820274885878821e-06,6.820274885878821e-06,6.820274885878821e-06,12H,1737201600,0.0,usd,2025-01-18
B7hSKBJaHwn8LaaCqqRSnreqvsaxg3obRYQ7Ecr2pump,6.820274885878821e-06,6.820274885878821e-06,6.820274885878821e-06,6.820274885878821e-06,12H,1737244800,0.0,usd,2025-01-19
B7hSKBJaHwn8LaaCqqRSnreqvsaxg3obRYQ7Ecr2pump,6.820274885878821e-06,6.820274885878821e-06,6.820274885878821e-06,6.820274885878821e-06,12H,1737288000,0.0,usd,2025-01-19
B7hSKBJaHwn8LaaCqqRSnreqvsaxg3obRYQ7Ecr2pump,6.820274885878821e-06,6.820274885878821e-06,6.820274885878821e-06,6.820274885878821e-06,12H,1737331200,0.0,usd,2025-01-20
B7hSKBJaHwn8LaaCqqRSnreqvsaxg3obRYQ7Ecr2pump,6.820274885878821e-06,6.820274885878821e-06,6.820274885878821e-06,6.820274885878821e-06,12H,1737374400,0.0,usd,2025-01-20
B7hSKBJaHwn8LaaCqqRSnreqvsaxg3obRYQ7Ecr2pump,6.820274885878821e-06,6.820274885878821e-06,6.820274885878821e-06,6.820274885878821e-06,12H,1737417600,0.0,usd,2025-01-21
B7hSKBJaHwn8LaaCqqRSnreqvsaxg3obRYQ7Ecr2pump,6.820274885878821e-06,6.820274885878821e-06,6.820274885878821e-06,6.820274885878821e-06,12H,1737460800,0.0,usd,2025-01-21
B7hSKBJaHwn8LaaCqqRSnreqvsaxg3obRYQ7Ecr2pump,6.820274885878821e-06,6.820274885878821e-06,6.820274885878821e-06,6.820274885878821e-06,12H,1737504000,0.0,usd,2025-01-22
B7hSKBJaHwn8LaaCqqRSnreqvsaxg3obRYQ7Ecr2pump,6.820274885878821e-06,6.820274885878821e-06,6.820274885878821e-06,6.820274885878821e-06,12H,1737547200,0.0,usd,2025-01-22
B7hSKBJaHwn8LaaCqqRSnreqvsaxg3obRYQ7Ecr2pump,6.820274885878821e-06,6.820274885878821e-06,6.820274885878821e-06,6.820274885878821e-06,12H,1737590400,0.0,usd,2025-01-23
B7hSKBJaHwn8LaaCqqRSnreqvsaxg3obRYQ7Ecr2pump,6.820274885878821e-06,6.820274885878821e-06,6.820274885878821e-06,6.820274885878821e-06,12H,1737633600,0.0,usd,2025-01-23
B7hSKBJaHwn8LaaCqqRSnreqvsaxg3obRYQ7Ecr2pump,6.820274885878821e-06,6.820274885878821e-06,6.820274885878821e-06,6.820274885878821e-06,12H,1737676800,0.0,usd,2025-01-24
B7hSKBJaHwn8LaaCqqRSnreqvsaxg3obRYQ7Ecr2pump,6.820274885878821e-06,6.820274885878821e-06,6.820274885878821e-06,6.820274885878821e-06,12H,1737720000,0.0,usd,2025-01-24
B7hSKBJaHwn8LaaCqqRSnreqvsaxg3obRYQ7Ecr2pump,6.820274885878821e-06,6.820274885878821e-06,6.820274885878821e-06,6.820274885878821e-06,12H,1737763200,0.0,usd,2025-01-25
B7hSKBJaHwn8LaaCqqRSnreqvsaxg3obRYQ7Ecr2pump,6.820274885878821e-06,6.820274885878821e-06,6.820274885878821e-06,6.820274885878821e-06,12H,1737806400,0.0,usd,2025-01-25
B7hSKBJaHwn8LaaCqqRSnreqvsaxg3obRYQ7Ecr2pump,6.820274885878821e-06,6.820274885878821e-06,6.820274885878821e-06,6.820274885878821e-06,12H,1737849600,0.0,usd,2025-01-26
B7hSKBJaHwn8LaaCqqRSnreqvsaxg3obRYQ7Ecr2pump,6.820274885878821e-06,6.820274885878821e-06,6.820274885878821e-06,6.820274885878821e-06,12H,1737892800,0.0,usd,2025-01-26
B7hSKBJaHwn8LaaCqqRSnreqvsaxg3obRYQ7Ecr2pump,6.820274885878821e-06,6.820274885878821e-06,6.820274885878821e-06,6.820274885878821e-06,12H,1737936000,0.0,usd,2025-01-27
B7hSKBJaHwn8LaaCqqRSnreqvsaxg3obRYQ7Ecr2pump,6.820274885878821e-06,6.820274885878821e-06,6.820274885878821e-06,6.820274885878821e-06,12H,1737979200,0.0,usd,2025-01-27
B7hSKBJaHwn8LaaCqqRSnreqvsaxg3obRYQ7Ecr2pump,6.820274885878821e-06,6.820274885878821e-06,6.820274885878821e-06,6.820274885878821e-06,12H,1738022400,0.0,usd,2025-01-28
B7hSKBJaHwn8LaaCqqRSnreqvsaxg3obRYQ7Ecr2pump,6.820274885878821e-06,6.820274885878821e-06,6.820274885878821e-06,6.820274885878821e-06,12H,1738065600,0.0,usd,2025-01-28
B7hSKBJaHwn8LaaCqqRSnreqvsaxg3obRYQ7Ecr2pump,6.820274885878821e-06,6.820274885878821e-06,6.820274885878821e-06,6.820274885878821e-06,12H,1738108800,0.0,usd,2025-01-29
B7hSKBJaHwn8LaaCqqRSnreqvsaxg3obRYQ7Ecr2pump,6.820274885878821e-06,6.820274885878821e-06,6.820274885878821e-06,6.820274885878821e-06,12H,1738152000,0.0,usd,2025-01-29
B7hSKBJaHwn8LaaCqqRSnreqvsaxg3obRYQ7Ecr2pump,6.820274885878821e-06,6.820274885878821e-06,6.820274885878821e-06,6.820274885878821e-06,12H,1738195200,0.0,usd,2025-01-30
B7hSKBJaHwn8LaaCqqRSnreqvsaxg3obRYQ7Ecr2pump,6.820274885878821e-06,6.820274885878821e-06,6.820274885878821e-06,6.820274885878821e-06,12H,1738238400,0.0,usd,2025-01-30
B7hSKBJaHwn8LaaCqqRSnreqvsaxg3obRYQ7Ecr2pump,6.820274885878821e-06,6.820274885878821e-06,6.820274885878821e-06,6.820274885878821e-06,12H,1738281600,0.0,usd,2025-01-31
B7hSKBJaHwn8LaaCqqRSnreqvsaxg3obRYQ7Ecr2pump,6.820274885878821e-06,6.820274885878821e-06,6.820274885878821e-06,6.820274885878821e-06,12H,1738324800,0.0,usd,2025-01-31
B7hSKBJaHwn8LaaCqqRSnreqvsaxg3obRYQ7Ecr2pump,6.820274885878821e-06,6.820274885878821e-06,6.820274885878821e-06,6.820274885878821e-06,12H,1738368000,0.0,usd,2025-02-01
B7hSKBJaHwn8LaaCqqRSnreqvsaxg3obRYQ7Ecr2pump,6.820274885878821e-06,6.820274885878821e-06,6.820274885878821e-06,6.820274885878821e-06,12H,1738411200,0.0,usd,2025-02-01
B7hSKBJaHwn8LaaCqqRSnreqvsaxg3obRYQ7Ecr2pump,6.820274885878821e-06,6.820274885878821e-06,6.820274885878821e-06,6.820274885878821e-06,12H,1738454400,0.0,usd,2025-02-02
B7hSKBJaHwn8LaaCqqRSnreqvsaxg3obRYQ7Ecr2pump,6.820274885878821e-06,6.820274885878821e-06,6.820274885878821e-06,6.820274885878821e-06,12H,1738497600,0.0,usd,2025-02-02
B7hSKBJaHwn8LaaCqqRSnreqvsaxg3obRYQ7Ecr2pump,6.820274885878821e-06,6.820274885878821e-06,6.820274885878821e-06,6.820274885878821e-06,12H,1738540800,0.0,usd,2025-02-03
B7hSKBJaHwn8LaaCqqRSnreqvsaxg3obRYQ7Ecr2pump,6.820274885878821e-06,6.820274885878821e-06,6.820274885878821e-06,6.820274885878821e-06,12H,1738584000,0.0,usd,2025-02-03
B7hSKBJaHwn8LaaCqqRSnreqvsaxg3obRYQ7Ecr2pump,6.820274885878821e-06,6.820274885878821e-06,6.820274885878821e-06,6.820274885878821e-06,12H,1738627200,0.0,usd,2025-02-04
B7hSKBJaHwn8LaaCqqRSnreqvsaxg3obRYQ7Ecr2pump,6.820274885878821e-06,6.820274885878821e-06,6.820274885878821e-06,6.820274885878821e-06,12H,1738670400,0.0,usd,2025-02-04
B7hSKBJaHwn8LaaCqqRSnreqvsaxg3obRYQ7Ecr2pump,6.820274885878821e-06,6.820274885878821e-06,6.820274885878821e-06,6.820274885878821e-06,12H,1738713600,0.0,usd,2025-02-05
B7hSKBJaHwn8LaaCqqRSnreqvsaxg3obRYQ7Ecr2pump,6.820274885878821e-06,6.820274885878821e-06,6.820274885878821e-06,6.820274885878821e-06,12H,1738756800,0.0,usd,2025-02-05
B7hSKBJaHwn8LaaCqqRSnreqvsaxg3obRYQ7Ecr2pump,6.820274885878821e-06,6.820274885878821e-06,6.820274885878821e-06,6.820274885878821e-06,12H,1738800000,0.0,usd,2025-02-06
B7hSKBJaHwn8LaaCqqRSnreqvsaxg3obRYQ7Ecr2pump,6.820274885878821e-06,6.820274885878821e-06,6.820274885878821e-06,6.820274885878821e-06,12H,1738843200,0.0,usd,2025-02-06
B7hSKBJaHwn8LaaCqqRSnreqvsaxg3obRYQ7Ecr2pump,6.820274885878821e-06,6.820274885878821e-06,6.820274885878821e-06,6.820274885878821e-06,12H,1738886400,0.0,usd,2025-02-07
B7hSKBJaHwn8LaaCqqRSnreqvsaxg3obRYQ7Ecr2pump,6.820274885878821e-06,6.820274885878821e-06,6.820274885878821e-06,6.820274885878821e-06,12H,1738929600,0.0,usd,2025-02-07
B7hSKBJaHwn8LaaCqqRSnreqvsaxg3obRYQ7Ecr2pump,6.820274885878821e-06,6.820274885878821e-06,6.820274885878821e-06,6.820274885878821e-06,12H,1738972800,0.0,usd,2025-02-08
B7hSKBJaHwn8LaaCqqRSnreqvsaxg3obRYQ7Ecr2pump,6.820274885878821e-06,6.820274885878821e-06,6.820274885878821e-06,6.820274885878821e-06,12H,1739016000,0.0,usd,2025-02-08
B7hSKBJaHwn8LaaCqqRSnreqvsaxg3obRYQ7Ecr2pump,6.820274885878821e-06,6.820274885878821e-06,6.820274885878821e-06,6.820274885878821e-06,12H,1739059200,0.0,usd,2025-02-09
B7hSKBJaHwn8LaaCqqRSnreqvsaxg3obRYQ7Ecr2pump,6.820274885878821e-06,6.820274885878821e-06,6.820274885878821e-06,6.820274885878821e-06,12H,1739102400,0.0,usd,2025-02-09
B7hSKBJaHwn8LaaCqqRSnreqvsaxg3obRYQ7Ecr2pump,6.820274885878821e-06,6.820274885878821e-06,6.820274885878821e-06,6.820274885878821e-06,12H,1739145600,0.0,usd,2025-02-10
B7hSKBJaHwn8LaaCqqRSnreqvsaxg3obRYQ7Ecr2pump,6.820274885878821e-06,6.820274885878821e-06,6.820274885878821e-06,6.820274885878821e-06,12H,1739188800,0.0,usd,2025-02-10
B7hSKBJaHwn8LaaCqqRSnreqvsaxg3obRYQ7Ecr2pump,6.820274885878821e-06,6.820274885878821e-06,6.820274885878821e-06,6.820274885878821e-06,12H,1739232000,0.0,usd,2025-02-11
B7hSKBJaHwn8LaaCqqRSnreqvsaxg3obRYQ7Ecr2pump,6.820274885878821e-06,6.820274885878821e-06,6.820274885878821e-06,6.820274885878821e-06,12H,1739275200,0.0,usd,2025-02-11
B7hSKBJaHwn8LaaCqqRSnreqvsaxg3obRYQ7Ecr2pump,6.820274885878821e-06,6.820274885878821e-06,6.820274885878821e-06,6.820274885878821e-06,12H,1739318400,0.0,usd,2025-02-12
B7hSKBJaHwn8LaaCqqRSnreqvsaxg3obRYQ7Ecr2pump,6.820274885878821e-06,6.820274885878821e-06,6.820274885878821e-06,6.820274885878821e-06,12H,1739361600,0.0,usd,2025-02-12
B7hSKBJaHwn8LaaCqqRSnreqvsaxg3obRYQ7Ecr2pump,6.820274885878821e-06,6.820274885878821e-06,6.820274885878821e-06,6.820274885878821e-06,12H,1739404800,0.0,usd,2025-02-13
B7hSKBJaHwn8LaaCqqRSnreqvsaxg3obRYQ7Ecr2pump,6.820274885878821e-06,6.820274885878821e-06,6.820274885878821e-06,6.820274885878821e-06,12H,1739448000,0.0,usd,2025-02-13
B7hSKBJaHwn8LaaCqqRSnreqvsaxg3obRYQ7Ecr2pump,6.820274885878821e-06,6.820274885878821e-06,6.820274885878821e-06,6.820274885878821e-06,12H,1739491200,0.0,usd,2025-02-14
B7hSKBJaHwn8LaaCqqRSnreqvsaxg3obRYQ7Ecr2pump,6.820274885878821e-06,6.820274885878821e-06,6.820274885878821e-06,6.820274885878821e-06,12H,1739534400,0.0,usd,2025-02-14
B7hSKBJaHwn8LaaCqqRSnreqvsaxg3obRYQ7Ecr2pump,6.820274885878821e-06,6.820274885878821e-06,6.820274885878821e-06,6.820274885878821e-06,12H,1739577600,0.0,usd,2025-02-15
B7hSKBJaHwn8LaaCqqRSnreqvsaxg3obRYQ7Ecr2pump,6.820274885878821e-06,6.820274885878821e-06,6.820274885878821e-06,6.820274885878821e-06,12H,1739620800,0.0,usd,2025-02-15
B7hSKBJaHwn8LaaCqqRSnreqvsaxg3obRYQ7Ecr2pump,6.820274885878821e-06,6.820274885878821e-06,6.820274885878821e-06,6.820274885878821e-06,12H,1739664000,0.0,usd,2025-02-16
B7hSKBJaHwn8LaaCqqRSnreqvsaxg3obRYQ7Ecr2pump,6.820274885878821e-06,6.820274885878821e-06,6.820274885878821e-06,6.820274885878821e-06,12H,1739707200,0.0,usd,2025-02-16
B7hSKBJaHwn8LaaCqqRSnreqvsaxg3obRYQ7Ecr2pump,6.820274885878821e-06,6.820274885878821e-06,6.820274885878821e-06,6.820274885878821e-06,12H,1739750400,0.0,usd,2025-02-17
B7hSKBJaHwn8LaaCqqRSnreqvsaxg3obRYQ7Ecr2pump,6.820274885878821e-06,6.820274885878821e-06,6.820274885878821e-06,6.820274885878821e-06,12H,1739793600,0.0,usd,2025-02-17
B7hSKBJaHwn8LaaCqqRSnreqvsaxg3obRYQ7Ecr2pump,6.820274885878821e-06,6.820274885878821e-06,6.820274885878821e-06,6.820274885878821e-06,12H,1739836800,0.0,usd,2025-02-18
B7hSKBJaHwn8LaaCqqRSnreqvsaxg3obRYQ7Ecr2pump,6.820274885878821e-06,6.820274885878821e-06,6.820274885878821e-06,6.820274885878821e-06,12H,1739880000,0.0,usd,2025-02-18
B7hSKBJaHwn8LaaCqqRSnreqvsaxg3obRYQ7Ecr2pump,6.820274885878821e-06,6.820274885878821e-06,6.820274885878821e-06,6.820274885878821e-06,12H,1739923200,0.0,usd,2025-02-19
B7hSKBJaHwn8LaaCqqRSnreqvsaxg3obRYQ7Ecr2pump,6.820274885878821e-06,6.820274885878821e-06,6.820274885878821e-06,6.820274885878821e-06,12H,1739966400,0.0,usd,2025-02-19
B7hSKBJaHwn8LaaCqqRSnreqvsaxg3obRYQ7Ecr2pump,6.820274885878821e-06,6.820274885878821e-06,6.820274885878821e-06,6.820274885878821e-06,12H,1740009600,0.0,usd,2025-02-20
B7hSKBJaHwn8LaaCqqRSnreqvsaxg3obRYQ7Ecr2pump,6.820274885878821e-06,6.820274885878821e-06,6.820274885878821e-06,6.820274885878821e-06,12H,1740052800,0.0,usd,2025-02-20
B7hSKBJaHwn8LaaCqqRSnreqvsaxg3obRYQ7Ecr2pump,6.820274885878821e-06,6.820274885878821e-06,6.820274885878821e-06,6.820274885878821e-06,12H,1740096000,0.0,usd,2025-02-21
B7hSKBJaHwn8LaaCqqRSnreqvsaxg3obRYQ7Ecr2pump,6.820274885878821e-06,6.820274885878821e-06,6.820274885878821e-06,6.820274885878821e-06,12H,1740139200,0.0,usd,2025-02-21
B7hSKBJaHwn8LaaCqqRSnreqvsaxg3obRYQ7Ecr2pump,6.820274885878821e-06,6.820274885878821e-06,6.820274885878821e-06,6.820274885878821e-06,12H,1740182400,0.0,usd,2025-02-22
B7hSKBJaHwn8LaaCqqRSnreqvsaxg3obRYQ7Ecr2pump,6.820274885878821e-06,6.820274885878821e-06,6.820274885878821e-06,6.820274885878821e-06,12H,1740225600,0.0,usd,2025-02-22
B7hSKBJaHwn8LaaCqqRSnreqvsaxg3obRYQ7Ecr2pump,6.820274885878821e-06,6.820274885878821e-06,6.820274885878821e-06,6.820274885878821e-06,12H,1740268800,0.0,usd,2025-02-23
B7hSKBJaHwn8LaaCqqRSnreqvsaxg3obRYQ7Ecr2pump,6.820274885878821e-06,6.820274885878821e-06,6.820274885878821e-06,6.820274885878821e-06,12H,1740312000,0.0,usd,2025-02-23
B7hSKBJaHwn8LaaCqqRSnreqvsaxg3obRYQ7Ecr2pump,6.820274885878821e-06,6.820274885878821e-06,6.820274885878821e-06,6.820274885878821e-06,12H,1740355200,0.0,usd,2025-02-24
B7hSKBJaHwn8LaaCqqRSnreqvsaxg3obRYQ7Ecr2pump,6.820274885878821e-06,6.820274885878821e-06,6.820274885878821e-06,6.820274885878821e-06,12H,1740398400,0.0,usd,2025-02-24
B7hSKBJaHwn8LaaCqqRSnreqvsaxg3obRYQ7Ecr2pump,6.820274885878821e-06,6.820274885878821e-06,6.820274885878821e-06,6.820274885878821e-06,12H,1740441600,0.0,usd,2025-02-25
B7hSKBJaHwn8LaaCqqRSnreqvsaxg3obRYQ7Ecr2pump,6.820274885878821e-06,6.820274885878821e-06,6.820274885878821e-06,6.820274885878821e-06,12H,1740484800,0.0,usd,2025-02-25
B7hSKBJaHwn8LaaCqqRSnreqvsaxg3obRYQ7Ecr2pump,6.820274885878821e-06,6.820274885878821e-06,6.820274885878821e-06,6.820274885878821e-06,12H,1740528000,0.0,usd,2025-02-26
B7hSKBJaHwn8LaaCqqRSnreqvsaxg3obRYQ7Ecr2pump,6.820274885878821e-06,6.820274885878821e-06,6.820274885878821e-06,6.820274885878821e-06,12H,1740571200,0.0,usd,2025-02-26
B7hSKBJaHwn8LaaCqqRSnreqvsaxg3obRYQ7Ecr2pump,6.820274885878821e-06,6.820274885878821e-06,6.820274885878821e-06,6.820274885878821e-06,12H,1740614400,0.0,usd,2025-02-27
B7hSKBJaHwn8LaaCqqRSnreqvsaxg3obRYQ7Ecr2pump,6.820274885878821e-06,6.820274885878821e-06,6.820274885878821e-06,6.820274885878821e-06,12H,1740657600,0.0,usd,2025-02-27
B7hSKBJaHwn8LaaCqqRSnreqvsaxg3obRYQ7Ecr2pump,6.820274885878821e-06,6.820274885878821e-06,6.820274885878821e-06,6.820274885878821e-06,12H,1740700800,0.0,usd,2025-02-28
B7hSKBJaHwn8LaaCqqRSnreqvsaxg3obRYQ7Ecr2pump,6.820274885878821e-06,6.820274885878821e-06,6.820274885878821e-06,6.820274885878821e-06,12H,1740744000,0.0,usd,2025-02-28
B7hSKBJaHwn8LaaCqqRSnreqvsaxg3obRYQ7Ecr2pump,6.820274885878821e-06,6.820274885878821e-06,6.820274885878821e-06,6.820274885878821e-06,12H,1740787200,0.0,usd,2025-03-01
B7hSKBJaHwn8LaaCqqRSnreqvsaxg3obRYQ7Ecr2pump,6.820274885878821e-06,6.820274885878821e-06,6.820274885878821e-06,6.820274885878821e-06,12H,1740830400,0.0,usd,2025-03-01
B7hSKBJaHwn8LaaCqqRSnreqvsaxg3obRYQ7Ecr2pump,6.820274885878821e-06,6.820274885878821e-06,6.820274885878821e-06,6.820274885878821e-06,12H,1740873600,0.0,usd,2025-03-02
B7hSKBJaHwn8LaaCqqRSnreqvsaxg3obRYQ7Ecr2pump,6.820274885878821e-06,6.820274885878821e-06,6.820274885878821e-06,6.820274885878821e-06,12H,1740916800,0.0,usd,2025-03-02
B7hSKBJaHwn8LaaCqqRSnreqvsaxg3obRYQ7Ecr2pump,6.820274885878821e-06,6.820274885878821e-06,6.820274885878821e-06,6.820274885878821e-06,12H,1740960000,0.0,usd,2025-03-03
B7hSKBJaHwn8LaaCqqRSnreqvsaxg3obRYQ7Ecr2pump,6.820274885878821e-06,6.820274885878821e-06,6.820274885878821e-06,6.820274885878821e-06,12H,1741003200,0.0,usd,2025-03-03
B7hSKBJaHwn8LaaCqqRSnreqvsaxg3obRYQ7Ecr2pump,6.820274885878821e-06,6.820274885878821e-06,6.820274885878821e-06,6.820274885878821e-06,12H,1741046400,0.0,usd,2025-03-04
B7hSKBJaHwn8LaaCqqRSnreqvsaxg3obRYQ7Ecr2pump,6.820274885878821e-06,6.820274885878821e-06,6.820274885878821e-06,6.820274885878821e-06,12H,1741089600,0.0,usd,2025-03-04
B7hSKBJaHwn8LaaCqqRSnreqvsaxg3obRYQ7Ecr2pump,6.820274885878821e-06,6.820274885878821e-06,6.820274885878821e-06,6.820274885878821e-06,12H,1741132800,0.0,usd,2025-03-05
B7hSKBJaHwn8LaaCqqRSnreqvsaxg3obRYQ7Ecr2pump,6.820274885878821e-06,6.820274885878821e-06,6.820274885878821e-06,6.820274885878821e-06,12H,1741176000,0.0,usd,2025-03-05
B7hSKBJaHwn8LaaCqqRSnreqvsaxg3obRYQ7Ecr2pump,6.820274885878821e-06,6.820274885878821e-06,6.820274885878821e-06,6.820274885878821e-06,12H,1741219200,0.0,usd,2025-03-06
B7hSKBJaHwn8LaaCqqRSnreqvsaxg3obRYQ7Ecr2pump,6.820274885878821e-06,6.820274885878821e-06,6.820274885878821e-06,6.820274885878821e-06,12H,1741262400,0.0,usd,2025-03-06
B7hSKBJaHwn8LaaCqqRSnreqvsaxg3obRYQ7Ecr2pump,6.820274885878821e-06,6.820274885878821e-06,6.820274885878821e-06,6.820274885878821e-06,12H,1741305600,0.0,usd,2025-03-07
B7hSKBJaHwn8LaaCqqRSnreqvsaxg3obRYQ7Ecr2pump,6.820274885878821e-06,6.820274885878821e-06,6.820274885878821e-06,6.820274885878821e-06,12H,1741348800,0.0,usd,2025-03-07
B7hSKBJaHwn8LaaCqqRSnreqvsaxg3obRYQ7Ecr2pump,6.820274885878821e-06,6.820274885878821e-06,6.820274885878821e-06,6.820274885878821e-06,12H,1741392000,0.0,usd,2025-03-08
B7hSKBJaHwn8LaaCqqRSnreqvsaxg3obRYQ7Ecr2pump,6.820274885878821e-06,6.820274885878821e-06,6.820274885878821e-06,6.820274885878821e-06,12H,1741435200,0.0,usd,2025-03-08
B7hSKBJaHwn8LaaCqqRSnreqvsaxg3obRYQ7Ecr2pump,6.820274885878821e-06,6.820274885878821e-06,6.820274885878821e-06,6.820274885878821e-06,12H,1741478400,0.0,usd,2025-03-09
B7hSKBJaHwn8LaaCqqRSnreqvsaxg3obRYQ7Ecr2pump,6.820274885878821e-06,6.820274885878821e-06,6.820274885878821e-06,6.820274885878821e-06,12H,1741521600,0.0,usd,2025-03-09
B7hSKBJaHwn8LaaCqqRSnreqvsaxg3obRYQ7Ecr2pump,6.820274885878821e-06,6.820274885878821e-06,6.820274885878821e-06,6.820274885878821e-06,12H,1741564800,0.0,usd,2025-03-10
B7hSKBJaHwn8LaaCqqRSnreqvsaxg3obRYQ7Ecr2pump,6.820274885878821e-06,6.820274885878821e-06,6.820274885878821e-06,6.820274885878821e-06,12H,1741608000,0.0,usd,2025-03-10
B7hSKBJaHwn8LaaCqqRSnreqvsaxg3obRYQ7Ecr2pump,6.820274885878821e-06,6.820274885878821e-06,6.820274885878821e-06,6.820274885878821e-06,12H,1741651200,0.0,usd,2025-03-11
B7hSKBJaHwn8LaaCqqRSnreqvsaxg3obRYQ7Ecr2pump,6.820274885878821e-06,6.820274885878821e-06,6.820274885878821e-06,6.820274885878821e-06,12H,1741694400,0.0,usd,2025-03-11
B7hSKBJaHwn8LaaCqqRSnreqvsaxg3obRYQ7Ecr2pump,6.820274885878821e-06,6.820274885878821e-06,6.820274885878821e-06,6.820274885878821e-06,12H,1741737600,0.0,usd,2025-03-12
B7hSKBJaHwn8LaaCqqRSnreqvsaxg3obRYQ7Ecr2pump,6.820274885878821e-06,6.820274885878821e-06,6.820274885878821e-06,6.820274885878821e-06,12H,1741780800,0.0,usd,2025-03-12
B7hSKBJaHwn8LaaCqqRSnreqvsaxg3obRYQ7Ecr2pump,6.820274885878821e-06,6.820274885878821e-06,6.820274885878821e-06,6.820274885878821e-06,12H,1741824000,0.0,usd,2025-03-13
B7hSKBJaHwn8LaaCqqRSnreqvsaxg3obRYQ7Ecr2pump,6.820274885878821e-06,6.820274885878821e-06,6.820274885878821e-06,6.820274885878821e-06,12H,1741867200,0.0,usd,2025-03-13
B7hSKBJaHwn8LaaCqqRSnreqvsaxg3obRYQ7Ecr2pump,6.820274885878821e-06,6.820274885878821e-06,6.820274885878821e-06,6.820274885878821e-06,12H,1741910400,0.0,usd,2025-03-14
B7hSKBJaHwn8LaaCqqRSnreqvsaxg3obRYQ7Ecr2pump,6.820274885878821e-06,6.820274885878821e-06,6.820274885878821e-06,6.820274885878821e-06,12H,1741953600,0.0,usd,2025-03-14
B7hSKBJaHwn8LaaCqqRSnreqvsaxg3obRYQ7Ecr2pump,6.820274885878821e-06,6.820274885878821e-06,6.820274885878821e-06,6.820274885878821e-06,12H,1741996800,0.0,usd,2025-03-15
B7hSKBJaHwn8LaaCqqRSnreqvsaxg3obRYQ7Ecr2pump,6.820274885878821e-06,6.820274885878821e-06,6.820274885878821e-06,6.820274885878821e-06,12H,1742040000,0.0,usd,2025-03-15
B7hSKBJaHwn8LaaCqqRSnreqvsaxg3obRYQ7Ecr2pump,6.820274885878821e-06,6.820274885878821e-06,6.820274885878821e-06,6.820274885878821e-06,12H,1742083200,0.0,usd,2025-03-16
B7hSKBJaHwn8LaaCqqRSnreqvsaxg3obRYQ7Ecr2pump,6.820274885878821e-06,6.820274885878821e-06,6.820274885878821e-06,6.820274885878821e-06,12H,1742126400,0.0,usd,2025-03-16
B7hSKBJaHwn8LaaCqqRSnreqvsaxg3obRYQ7Ecr2pump,6.820274885878821e-06,6.820274885878821e-06,6.820274885878821e-06,6.820274885878821e-06,12H,1742169600,0.0,usd,2025-03-17
B7hSKBJaHwn8LaaCqqRSnreqvsaxg3obRYQ7Ecr2pump,6.820274885878821e-06,6.820274885878821e-06,6.820274885878821e-06,6.820274885878821e-06,12H,1742212800,0.0,usd,2025-03-17
B7hSKBJaHwn8LaaCqqRSnreqvsaxg3obRYQ7Ecr2pump,6.820274885878821e-06,6.820274885878821e-06,6.820274885878821e-06,6.820274885878821e-06,12H,1742256000,0.0,usd,2025-03-18
B7hSKBJaHwn8LaaCqqRSnreqvsaxg3obRYQ7Ecr2pump,6.820274885878821e-06,6.820274885878821e-06,6.820274885878821e-06,6.820274885878821e-06,12H,1742299200,0.0,usd,2025-03-18
B7hSKBJaHwn8LaaCqqRSnreqvsaxg3obRYQ7Ecr2pump,6.820274885878821e-06,6.820274885878821e-06,6.820274885878821e-06,6.820274885878821e-06,12H,1742342400,0.0,usd,2025-03-19
B7hSKBJaHwn8LaaCqqRSnreqvsaxg3obRYQ7Ecr2pump,6.820274885878821e-06,6.820274885878821e-06,6.820274885878821e-06,6.820274885878821e-06,12H,1742385600,0.0,usd,2025-03-19
B7hSKBJaHwn8LaaCqqRSnreqvsaxg3obRYQ7Ecr2pump,6.820274885878821e-06,6.820274885878821e-06,6.820274885878821e-06,6.820274885878821e-06,12H,1742428800,0.0,usd,2025-03-20
B7hSKBJaHwn8LaaCqqRSnreqvsaxg3obRYQ7Ecr2pump,6.820274885878821e-06,6.820274885878821e-06,6.820274885878821e-06,6.820274885878821e-06,12H,1742472000,0.0,usd,2025-03-20
B7hSKBJaHwn8LaaCqqRSnreqvsaxg3obRYQ7Ecr2pump,6.820274885878821e-06,6.820274885878821e-06,6.820274885878821e-06,6.820274885878821e-06,12H,1742515200,0.0,usd,2025-03-21
B7hSKBJaHwn8LaaCqqRSnreqvsaxg3obRYQ7Ecr2pump,6.820274885878821e-06,6.820274885878821e-06,6.820274885878821e-06,6.820274885878821e-06,12H,1742558400,0.0,usd,2025-03-21
B7hSKBJaHwn8LaaCqqRSnreqvsaxg3obRYQ7Ecr2pump,6.820274885878821e-06,6.820274885878821e-06,6.820274885878821e-06,6.820274885878821e-06,12H,1742601600,0.0,usd,2025-03-22
B7hSKBJaHwn8LaaCqqRSnreqvsaxg3obRYQ7Ecr2pump,6.820274885878821e-06,6.820274885878821e-06,6.820274885878821e-06,6.820274885878821e-06,12H,1742644800,0.0,usd,2025-03-22
B7hSKBJaHwn8LaaCqqRSnreqvsaxg3obRYQ7Ecr2pump,6.820274885878821e-06,6.820274885878821e-06,6.820274885878821e-06,6.820274885878821e-06,12H,1742688000,0.0,usd,2025-03-23
B7hSKBJaHwn8LaaCqqRSnreqvsaxg3obRYQ7Ecr2pump,6.820274885878821e-06,6.820274885878821e-06,6.820274885878821e-06,6.820274885878821e-06,12H,1742731200,0.0,usd,2025-03-23
B7hSKBJaHwn8LaaCqqRSnreqvsaxg3obRYQ7Ecr2pump,6.820274885878821e-06,6.820274885878821e-06,6.820274885878821e-06,6.820274885878821e-06,12H,1742774400,0.0,usd,2025-03-24
B7hSKBJaHwn8LaaCqqRSnreqvsaxg3obRYQ7Ecr2pump,6.820274885878821e-06,6.820274885878821e-06,6.820274885878821e-06,6.820274885878821e-06,12H,1742817600,0.0,usd,2025-03-24
B7hSKBJaHwn8LaaCqqRSnreqvsaxg3obRYQ7Ecr2pump,6.820274885878821e-06,6.820274885878821e-06,6.820274885878821e-06,6.820274885878821e-06,12H,1742860800,0.0,usd,2025-03-25
B7hSKBJaHwn8LaaCqqRSnreqvsaxg3obRYQ7Ecr2pump,6.820274885878821e-06,6.820274885878821e-06,6.820274885878821e-06,6.820274885878821e-06,12H,1742904000,0.0,usd,2025-03-25
B7hSKBJaHwn8LaaCqqRSnreqvsaxg3obRYQ7Ecr2pump,6.820274885878821e-06,6.820274885878821e-06,6.820274885878821e-06,6.820274885878821e-06,12H,1742947200,0.0,usd,2025-03-26
B7hSKBJaHwn8LaaCqqRSnreqvsaxg3obRYQ7Ecr2pump,6.820274885878821e-06,6.820274885878821e-06,6.820274885878821e-06,6.820274885878821e-06,12H,1742990400,0.0,usd,2025-03-26
B7hSKBJaHwn8LaaCqqRSnreqvsaxg3obRYQ7Ecr2pump,6.820274885878821e-06,6.820274885878821e-06,6.820274885878821e-06,6.820274885878821e-06,12H,1743033600,0.0,usd,2025-03-27
B7hSKBJaHwn8LaaCqqRSnreqvsaxg3obRYQ7Ecr2pump,6.820274885878821e-06,6.820274885878821e-06,6.820274885878821e-06,6.820274885878821e-06,12H,1743076800,0.0,usd,2025-03-27
B7hSKBJaHwn8LaaCqqRSnreqvsaxg3obRYQ7Ecr2pump,6.820274885878821e-06,6.820274885878821e-06,6.820274885878821e-06,6.820274885878821e-06,12H,1743120000,0.0,usd,2025-03-28
B7hSKBJaHwn8LaaCqqRSnreqvsaxg3obRYQ7Ecr2pump,6.820274885878821e-06,6.820274885878821e-06,6.820274885878821e-06,6.820274885878821e-06,12H,1743163200,0.0,usd,2025-03-28
B7hSKBJaHwn8LaaCqqRSnreqvsaxg3obRYQ7Ecr2pump,6.820274885878821e-06,6.820274885878821e-06,6.820274885878821e-06,6.820274885878821e-06,12H,1743206400,0.0,usd,2025-03-29
B7hSKBJaHwn8LaaCqqRSnreqvsaxg3obRYQ7Ecr2pump,6.820274885878821e-06,6.820274885878821e-06,6.820274885878821e-06,6.820274885878821e-06,12H,1743249600,0.0,usd,2025-03-29
B7hSKBJaHwn8LaaCqqRSnreqvsaxg3obRYQ7Ecr2pump,6.820274885878821e-06,6.820274885878821e-06,6.820274885878821e-06,6.820274885878821e-06,12H,1743292800,0.0,usd,2025-03-30
B7hSKBJaHwn8LaaCqqRSnreqvsaxg3obRYQ7Ecr2pump,6.820274885878821e-06,6.820274885878821e-06,6.820274885878821e-06,6.820274885878821e-06,12H,1743336000,0.0,usd,2025-03-30
B7hSKBJaHwn8LaaCqqRSnreqvsaxg3obRYQ7Ecr2pump,6.820274885878821e-06,6.820274885878821e-06,6.820274885878821e-06,6.820274885878821e-06,12H,1743379200,0.0,usd,2025-03-31
B7hSKBJaHwn8LaaCqqRSnreqvsaxg3obRYQ7Ecr2pump,6.820274885878821e-06,6.820274885878821e-06,6.820274885878821e-06,6.820274885878821e-06,12H,1743422400,0.0,usd,2025-03-31
B7hSKBJaHwn8LaaCqqRSnreqvsaxg3obRYQ7Ecr2pump,6.820274885878821e-06,6.820274885878821e-06,6.820274885878821e-06,6.820274885878821e-06,12H,1743465600,0.0,usd,2025-04-01
B7hSKBJaHwn8LaaCqqRSnreqvsaxg3obRYQ7Ecr2pump,6.820274885878821e-06,6.820274885878821e-06,6.820274885878821e-06,6.820274885878821e-06,12H,1743508800,0.0,usd,2025-04-01
B7hSKBJaHwn8LaaCqqRSnreqvsaxg3obRYQ7Ecr2pump,6.820274885878821e-06,6.820274885878821e-06,6.820274885878821e-06,6.820274885878821e-06,12H,1743552000,0.0,usd,2025-04-02
B7hSKBJaHwn8LaaCqqRSnreqvsaxg3obRYQ7Ecr2pump,6.820274885878821e-06,6.820274885878821e-06,6.820274885878821e-06,6.820274885878821e-06,12H,1743595200,0.0,usd,2025-04-02
B7hSKBJaHwn8LaaCqqRSnreqvsaxg3obRYQ7Ecr2pump,6.820274885878821e-06,6.820274885878821e-06,6.820274885878821e-06,6.820274885878821e-06,12H,1743638400,0.0,usd,2025-04-03
B7hSKBJaHwn8LaaCqqRSnreqvsaxg3obRYQ7Ecr2pump,6.820274885878821e-06,6.820274885878821e-06,6.820274885878821e-06,6.820274885878821e-06,12H,1743681600,0.0,usd,2025-04-03
B7hSKBJaHwn8LaaCqqRSnreqvsaxg3obRYQ7Ecr2pump,6.820274885878821e-06,6.820274885878821e-06,6.820274885878821e-06,6.820274885878821e-06,12H,1743724800,0.0,usd,2025-04-04
B7hSKBJaHwn8LaaCqqRSnreqvsaxg3obRYQ7Ecr2pump,6.820274885878821e-06,6.820274885878821e-06,6.820274885878821e-06,6.820274885878821e-06,12H,1743768000,0.0,usd,2025-04-04
B7hSKBJaHwn8LaaCqqRSnreqvsaxg3obRYQ7Ecr2pump,6.820274885878821e-06,6.820274885878821e-06,6.820274885878821e-06,6.820274885878821e-06,12H,1743811200,0.0,usd,2025-04-05
B7hSKBJaHwn8LaaCqqRSnreqvsaxg3obRYQ7Ecr2pump,6.820274885878821e-06,6.820274885878821e-06,6.820274885878821e-06,6.820274885878821e-06,12H,1743854400,0.0,usd,2025-04-05
B7hSKBJaHwn8LaaCqqRSnreqvsaxg3obRYQ7Ecr2pump,6.820274885878821e-06,6.820274885878821e-06,6.820274885878821e-06,6.820274885878821e-06,12H,1743897600,0.0,usd,2025-04-06
B7hSKBJaHwn8LaaCqqRSnreqvsaxg3obRYQ7Ecr2pump,6.820274885878821e-06,6.820274885878821e-06,6.820274885878821e-06,6.820274885878821e-06,12H,1743940800,0.0,usd,2025-04-06
B7hSKBJaHwn8LaaCqqRSnreqvsaxg3obRYQ7Ecr2pump,6.820274885878821e-06,6.820274885878821e-06,6.820274885878821e-06,6.820274885878821e-06,12H,1743984000,0.0,usd,2025-04-07
B7hSKBJaHwn8LaaCqqRSnreqvsaxg3obRYQ7Ecr2pump,6.820274885878821e-06,6.820274885878821e-06,6.820274885878821e-06,6.820274885878821e-06,12H,1744027200,0.0,usd,2025-04-07
B7hSKBJaHwn8LaaCqqRSnreqvsaxg3obRYQ7Ecr2pump,6.820274885878821e-06,6.820274885878821e-06,6.820274885878821e-06,6.820274885878821e-06,12H,1744070400,0.0,usd,2025-04-08
B7hSKBJaHwn8LaaCqqRSnreqvsaxg3obRYQ7Ecr2pump,6.820274885878821e-06,6.820274885878821e-06,6.820274885878821e-06,6.820274885878821e-06,12H,1744113600,0.0,usd,2025-04-08
B7hSKBJaHwn8LaaCqqRSnreqvsaxg3obRYQ7Ecr2pump,6.820274885878821e-06,6.820274885878821e-06,6.820274885878821e-06,6.820274885878821e-06,12H,1744156800,0.0,usd,2025-04-09
B7hSKBJaHwn8LaaCqqRSnreqvsaxg3obRYQ7Ecr2pump,6.820274885878821e-06,6.820274885878821e-06,6.820274885878821e-06,6.820274885878821e-06,12H,1744200000,0.0,usd,2025-04-09
B7hSKBJaHwn8LaaCqqRSnreqvsaxg3obRYQ7Ecr2pump,6.820274885878821e-06,6.820274885878821e-06,6.820274885878821e-06,6.820274885878821e-06,12H,1744243200,0.0,usd,2025-04-10
B7hSKBJaHwn8LaaCqqRSnreqvsaxg3obRYQ7Ecr2pump,6.820274885878821e-06,6.820274885878821e-06,6.820274885878821e-06,6.820274885878821e-06,12H,1744286400,0.0,usd,2025-04-10
B7hSKBJaHwn8LaaCqqRSnreqvsaxg3obRYQ7Ecr2pump,6.820274885878821e-06,6.820274885878821e-06,6.820274885878821e-06,6.820274885878821e-06,12H,1744329600,0.0,usd,2025-04-11
B7hSKBJaHwn8LaaCqqRSnreqvsaxg3obRYQ7Ecr2pump,6.820274885878821e-06,6.820274885878821e-06,6.820274885878821e-06,6.820274885878821e-06,12H,1744372800,0.0,usd,2025-04-11
B7hSKBJaHwn8LaaCqqRSnreqvsaxg3obRYQ7Ecr2pump,6.820274885878821e-06,6.820274885878821e-06,6.820274885878821e-06,6.820274885878821e-06,12H,1744416000,0.0,usd,2025-04-12
B7hSKBJaHwn8LaaCqqRSnreqvsaxg3obRYQ7Ecr2pump,6.820274885878821e-06,6.820274885878821e-06,6.820274885878821e-06,6.820274885878821e-06,12H,1744459200,0.0,usd,2025-04-12
B7hSKBJaHwn8LaaCqqRSnreqvsaxg3obRYQ7Ecr2pump,6.820274885878821e-06,6.820274885878821e-06,6.820274885878821e-06,6.820274885878821e-06,12H,1744502400,0.0,usd,2025-04-13
B7hSKBJaHwn8LaaCqqRSnreqvsaxg3obRYQ7Ecr2pump,6.820274885878821e-06,6.820274885878821e-06,6.820274885878821e-06,6.820274885878821e-06,12H,1744545600,0.0,usd,2025-04-13
B7hSKBJaHwn8LaaCqqRSnreqvsaxg3obRYQ7Ecr2pump,6.820274885878821e-06,6.820274885878821e-06,6.820274885878821e-06,6.820274885878821e-06,12H,1744588800,0.0,usd,2025-04-14
B7hSKBJaHwn8LaaCqqRSnreqvsaxg3obRYQ7Ecr2pump,6.820274885878821e-06,6.820274885878821e-06,6.820274885878821e-06,6.820274885878821e-06,12H,1744632000,0.0,usd,2025-04-14
B7hSKBJaHwn8LaaCqqRSnreqvsaxg3obRYQ7Ecr2pump,6.820274885878821e-06,6.820274885878821e-06,6.820274885878821e-06,6.820274885878821e-06,12H,1744675200,0.0,usd,2025-04-15
B7hSKBJaHwn8LaaCqqRSnreqvsaxg3obRYQ7Ecr2pump,6.820274885878821e-06,6.820274885878821e-06,6.820274885878821e-06,6.820274885878821e-06,12H,1744718400,0.0,usd,2025-04-15
B7hSKBJaHwn8LaaCqqRSnreqvsaxg3obRYQ7Ecr2pump,6.820274885878821e-06,6.820274885878821e-06,6.820274885878821e-06,6.820274885878821e-06,12H,1744761600,0.0,usd,2025-04-16
B7hSKBJaHwn8LaaCqqRSnreqvsaxg3obRYQ7Ecr2pump,6.820274885878821e-06,6.820274885878821e-06,6.820274885878821e-06,6.820274885878821e-06,12H,1744804800,0.0,usd,2025-04-16
B7hSKBJaHwn8LaaCqqRSnreqvsaxg3obRYQ7Ecr2pump,6.820274885878821e-06,6.820274885878821e-06,6.820274885878821e-06,6.820274885878821e-06,12H,1744848000,0.0,usd,2025-04-17
B7hSKBJaHwn8LaaCqqRSnreqvsaxg3obRYQ7Ecr2pump,6.820274885878821e-06,6.820274885878821e-06,6.820274885878821e-06,6.820274885878821e-06,12H,1744891200,0.0,usd,2025-04-17
B7hSKBJaHwn8LaaCqqRSnreqvsaxg3obRYQ7Ecr2pump,6.820274885878821e-06,6.820274885878821e-06,6.820274885878821e-06,6.820274885878821e-06,12H,1744934400,0.0,usd,2025-04-18
B7hSKBJaHwn8LaaCqqRSnreqvsaxg3obRYQ7Ecr2pump,6.820274885878821e-06,6.820274885878821e-06,6.820274885878821e-06,6.820274885878821e-06,12H,1744977600,0.0,usd,2025-04-18
B7hSKBJaHwn8LaaCqqRSnreqvsaxg3obRYQ7Ecr2pump,6.820274885878821e-06,6.820274885878821e-06,6.820274885878821e-06,6.820274885878821e-06,12H,1745020800,0.0,usd,2025-04-19
B7hSKBJaHwn8LaaCqqRSnreqvsaxg3obRYQ7Ecr2pump,6.820274885878821e-06,6.820274885878821e-06,6.820274885878821e-06,6.820274885878821e-06,12H,1745064000,0.0,usd,2025-04-19
B7hSKBJaHwn8LaaCqqRSnreqvsaxg3obRYQ7Ecr2pump,6.820274885878821e-06,6.820274885878821e-06,6.820274885878821e-06,6.820274885878821e-06,12H,1745107200,0.0,usd,2025-04-20
B7hSKBJaHwn8LaaCqqRSnreqvsaxg3obRYQ7Ecr2pump,6.820274885878821e-06,6.820274885878821e-06,6.820274885878821e-06,6.820274885878821e-06,12H,1745150400,0.0,usd,2025-04-20
B7hSKBJaHwn8LaaCqqRSnreqvsaxg3obRYQ7Ecr2pump,6.820274885878821e-06,6.820274885878821e-06,6.820274885878821e-06,6.820274885878821e-06,12H,1745193600,0.0,usd,2025-04-21
B7hSKBJaHwn8LaaCqqRSnreqvsaxg3obRYQ7Ecr2pump,6.820274885878821e-06,6.820274885878821e-06,6.820274885878821e-06,6.820274885878821e-06,12H,1745236800,0.0,usd,2025-04-21
B7hSKBJaHwn8LaaCqqRSnreqvsaxg3obRYQ7Ecr2pump,6.820274885878821e-06,6.820274885878821e-06,6.820274885878821e-06,6.820274885878821e-06,12H,1745280000,0.0,usd,2025-04-22
B7hSKBJaHwn8LaaCqqRSnreqvsaxg3obRYQ7Ecr2pump,6.820274885878821e-06,6.820274885878821e-06,6.820274885878821e-06,6.820274885878821e-06,12H,1745323200,0.0,usd,2025-04-22
B7hSKBJaHwn8LaaCqqRSnreqvsaxg3obRYQ7Ecr2pump,6.820274885878821e-06,6.820274885878821e-06,6.820274885878821e-06,6.820274885878821e-06,12H,1745366400,0.0,usd,2025-04-23
B7hSKBJaHwn8LaaCqqRSnreqvsaxg3obRYQ7Ecr2pump,6.820274885878821e-06,6.820274885878821e-06,6.820274885878821e-06,6.820274885878821e-06,12H,1745409600,0.0,usd,2025-04-23
B7hSKBJaHwn8LaaCqqRSnreqvsaxg3obRYQ7Ecr2pump,6.820274885878821e-06,6.820274885878821e-06,6.820274885878821e-06,6.820274885878821e-06,12H,1745452800,0.0,usd,2025-04-24
B7hSKBJaHwn8LaaCqqRSnreqvsaxg3obRYQ7Ecr2pump,6.820274885878821e-06,6.820274885878821e-06,6.820274885878821e-06,6.820274885878821e-06,12H,1745496000,0.0,usd,2025-04-24
B7hSKBJaHwn8LaaCqqRSnreqvsaxg3obRYQ7Ecr2pump,6.820274885878821e-06,6.820274885878821e-06,6.820274885878821e-06,6.820274885878821e-06,12H,1745539200,0.0,usd,2025-04-25
B7hSKBJaHwn8LaaCqqRSnreqvsaxg3obRYQ7Ecr2pump,6.820274885878821e-06,6.820274885878821e-06,6.820274885878821e-06,6.820274885878821e-06,12H,1745582400,0.0,usd,2025-04-25
B7hSKBJaHwn8LaaCqqRSnreqvsaxg3obRYQ7Ecr2pump,6.820274885878821e-06,6.820274885878821e-06,6.820274885878821e-06,6.820274885878821e-06,12H,1745625600,0.0,usd,2025-04-26
B7hSKBJaHwn8LaaCqqRSnreqvsaxg3obRYQ7Ecr2pump,6.820274885878821e-06,6.820274885878821e-06,6.820274885878821e-06,6.820274885878821e-06,12H,1745668800,0.0,usd,2025-04-26
B7hSKBJaHwn8LaaCqqRSnreqvsaxg3obRYQ7Ecr2pump,6.820274885878821e-06,6.820274885878821e-06,6.820274885878821e-06,6.820274885878821e-06,12H,1745712000,0.0,usd,2025-04-27
B7hSKBJaHwn8LaaCqqRSnreqvsaxg3obRYQ7Ecr2pump,6.820274885878821e-06,6.820274885878821e-06,6.820274885878821e-06,6.820274885878821e-06,12H,1745755200,0.0,usd,2025-04-27
B7hSKBJaHwn8LaaCqqRSnreqvsaxg3obRYQ7Ecr2pump,6.820274885878821e-06,6.820274885878821e-06,6.820274885878821e-06,6.820274885878821e-06,12H,1745798400,0.0,usd,2025-04-28
B7hSKBJaHwn8LaaCqqRSnreqvsaxg3obRYQ7Ecr2pump,6.820274885878821e-06,6.820274885878821e-06,6.820274885878821e-06,6.820274885878821e-06,12H,1745841600,0.0,usd,2025-04-28
B7hSKBJaHwn8LaaCqqRSnreqvsaxg3obRYQ7Ecr2pump,6.820274885878821e-06,6.820274885878821e-06,6.820274885878821e-06,6.820274885878821e-06,12H,1745884800,0.0,usd,2025-04-29
B7hSKBJaHwn8LaaCqqRSnreqvsaxg3obRYQ7Ecr2pump,6.820274885878821e-06,6.820274885878821e-06,6.820274885878821e-06,6.820274885878821e-06,12H,1745928000,0.0,usd,2025-04-29
B7hSKBJaHwn8LaaCqqRSnreqvsaxg3obRYQ7Ecr2pump,6.820274885878821e-06,6.820274885878821e-06,6.820274885878821e-06,6.820274885878821e-06,12H,1745971200,0.0,usd,2025-04-30
B7hSKBJaHwn8LaaCqqRSnreqvsaxg3obRYQ7Ecr2pump,6.820274885878821e-06,6.820274885878821e-06,6.820274885878821e-06,6.820274885878821e-06,12H,1746014400,0.0,usd,2025-04-30
B7hSKBJaHwn8LaaCqqRSnreqvsaxg3obRYQ7Ecr2pump,6.820274885878821e-06,6.820274885878821e-06,6.820274885878821e-06,6.820274885878821e-06,12H,1746057600,0.0,usd,2025-05-01
B7hSKBJaHwn8LaaCqqRSnreqvsaxg3obRYQ7Ecr2pump,6.820274885878821e-06,6.820274885878821e-06,6.820274885878821e-06,6.820274885878821e-06,12H,1746100800,0.0,usd,2025-05-01
B7hSKBJaHwn8LaaCqqRSnreqvsaxg3obRYQ7Ecr2pump,6.820274885878821e-06,6.820274885878821e-06,6.820274885878821e-06,6.820274885878821e-06,12H,1746144000,0.0,usd,2025-05-02
B7hSKBJaHwn8LaaCqqRSnreqvsaxg3obRYQ7Ecr2pump,6.820274885878821e-06,6.820274885878821e-06,6.820274885878821e-06,6.820274885878821e-06,12H,1746187200,0.0,usd,2025-05-02
B7hSKBJaHwn8LaaCqqRSnreqvsaxg3obRYQ7Ecr2pump,6.820274885878821e-06,6.820274885878821e-06,6.820274885878821e-06,6.820274885878821e-06,12H,1746230400,0.0,usd,2025-05-03
B7hSKBJaHwn8LaaCqqRSnreqvsaxg3obRYQ7Ecr2pump,6.820274885878821e-06,6.820274885878821e-06,6.820274885878821e-06,6.820274885878821e-06,12H,1746273600,0.0,usd,2025-05-03
B7hSKBJaHwn8LaaCqqRSnreqvsaxg3obRYQ7Ecr2pump,6.820274885878821e-06,6.820274885878821e-06,6.820274885878821e-06,6.820274885878821e-06,12H,1746316800,0.0,usd,2025-05-04
B7hSKBJaHwn8LaaCqqRSnreqvsaxg3obRYQ7Ecr2pump,6.820274885878821e-06,6.820274885878821e-06,6.820274885878821e-06,6.820274885878821e-06,12H,1746360000,0.0,usd,2025-05-04
B7hSKBJaHwn8LaaCqqRSnreqvsaxg3obRYQ7Ecr2pump,6.820274885878821e-06,6.820274885878821e-06,6.820274885878821e-06,6.820274885878821e-06,12H,1746403200,0.0,usd,2025-05-05
B7hSKBJaHwn8LaaCqqRSnreqvsaxg3obRYQ7Ecr2pump,6.820274885878821e-06,6.820274885878821e-06,6.820274885878821e-06,6.820274885878821e-06,12H,1746446400,0.0,usd,2025-05-05
B7hSKBJaHwn8LaaCqqRSnreqvsaxg3obRYQ7Ecr2pump,6.820274885878821e-06,6.820274885878821e-06,6.820274885878821e-06,6.820274885878821e-06,12H,1746489600,0.0,usd,2025-05-06
B7hSKBJaHwn8LaaCqqRSnreqvsaxg3obRYQ7Ecr2pump,6.820274885878821e-06,6.820274885878821e-06,6.820274885878821e-06,6.820274885878821e-06,12H,1746532800,0.0,usd,2025-05-06
B7hSKBJaHwn8LaaCqqRSnreqvsaxg3obRYQ7Ecr2pump,6.820274885878821e-06,6.820274885878821e-06,6.820274885878821e-06,6.820274885878821e-06,12H,1746576000,0.0,usd,2025-05-07
B7hSKBJaHwn8LaaCqqRSnreqvsaxg3obRYQ7Ecr2pump,6.820274885878821e-06,6.820274885878821e-06,6.820274885878821e-06,6.820274885878821e-06,12H,1746619200,0.0,usd,2025-05-07
B7hSKBJaHwn8LaaCqqRSnreqvsaxg3obRYQ7Ecr2pump,6.820274885878821e-06,6.820274885878821e-06,6.820274885878821e-06,6.820274885878821e-06,12H,1746662400,0.0,usd,2025-05-08
B7hSKBJaHwn8LaaCqqRSnreqvsaxg3obRYQ7Ecr2pump,6.820274885878821e-06,6.820274885878821e-06,6.820274885878821e-06,6.820274885878821e-06,12H,1746705600,0.0,usd,2025-05-08
B7hSKBJaHwn8LaaCqqRSnreqvsaxg3obRYQ7Ecr2pump,6.820274885878821e-06,6.820274885878821e-06,6.820274885878821e-06,6.820274885878821e-06,12H,1746748800,0.0,usd,2025-05-09
B7hSKBJaHwn8LaaCqqRSnreqvsaxg3obRYQ7Ecr2pump,6.820274885878821e-06,6.820274885878821e-06,6.820274885878821e-06,6.820274885878821e-06,12H,1746792000,0.0,usd,2025-05-09
B7hSKBJaHwn8LaaCqqRSnreqvsaxg3obRYQ7Ecr2pump,6.820274885878821e-06,6.820274885878821e-06,6.820274885878821e-06,6.820274885878821e-06,12H,1746835200,0.0,usd,2025-05-10
B7hSKBJaHwn8LaaCqqRSnreqvsaxg3obRYQ7Ecr2pump,6.820274885878821e-06,6.820274885878821e-06,6.820274885878821e-06,6.820274885878821e-06,12H,1746878400,0.0,usd,2025-05-10
B7hSKBJaHwn8LaaCqqRSnreqvsaxg3obRYQ7Ecr2pump,6.820274885878821e-06,6.820274885878821e-06,6.820274885878821e-06,6.820274885878821e-06,12H,1746921600,0.0,usd,2025-05-11
B7hSKBJaHwn8LaaCqqRSnreqvsaxg3obRYQ7Ecr2pump,6.820274885878821e-06,6.820274885878821e-06,6.820274885878821e-06,6.820274885878821e-06,12H,1746964800,0.0,usd,2025-05-11
B7hSKBJaHwn8LaaCqqRSnreqvsaxg3obRYQ7Ecr2pump,6.820274885878821e-06,6.820274885878821e-06,6.820274885878821e-06,6.820274885878821e-06,12H,1747008000,0.0,usd,2025-05-12
B7hSKBJaHwn8LaaCqqRSnreqvsaxg3obRYQ7Ecr2pump,6.820274885878821e-06,6.820274885878821e-06,6.820274885878821e-06,6.820274885878821e-06,12H,1747051200,0.0,usd,2025-05-12
B7hSKBJaHwn8LaaCqqRSnreqvsaxg3obRYQ7Ecr2pump,6.820274885878821e-06,6.820274885878821e-06,6.820274885878821e-06,6.820274885878821e-06,12H,1747094400,0.0,usd,2025-05-13
B7hSKBJaHwn8LaaCqqRSnreqvsaxg3obRYQ7Ecr2pump,6.820274885878821e-06,6.820274885878821e-06,6.820274885878821e-06,6.820274885878821e-06,12H,1747137600,0.0,usd,2025-05-13
B7hSKBJaHwn8LaaCqqRSnreqvsaxg3obRYQ7Ecr2pump,6.820274885878821e-06,6.820274885878821e-06,6.820274885878821e-06,6.820274885878821e-06,12H,1747180800,0.0,usd,2025-05-14
B7hSKBJaHwn8LaaCqqRSnreqvsaxg3obRYQ7Ecr2pump,6.820274885878821e-06,6.820274885878821e-06,6.820274885878821e-06,6.820274885878821e-06,12H,1747224000,0.0,usd,2025-05-14
B7hSKBJaHwn8LaaCqqRSnreqvsaxg3obRYQ7Ecr2pump,6.820274885878821e-06,6.820274885878821e-06,6.820274885878821e-06,6.820274885878821e-06,12H,1747267200,0.0,usd,2025-05-15
B7hSKBJaHwn8LaaCqqRSnreqvsaxg3obRYQ7Ecr2pump,6.820274885878821e-06,6.820274885878821e-06,6.820274885878821e-06,6.820274885878821e-06,12H,1747310400,0.0,usd,2025-05-15
B7hSKBJaHwn8LaaCqqRSnreqvsaxg3obRYQ7Ecr2pump,6.820274885878821e-06,6.820274885878821e-06,6.820274885878821e-06,6.820274885878821e-06,12H,1747353600,0.0,usd,2025-05-16
B7hSKBJaHwn8LaaCqqRSnreqvsaxg3obRYQ7Ecr2pump,6.820274885878821e-06,6.820274885878821e-06,6.820274885878821e-06,6.820274885878821e-06,12H,1747396800,0.0,usd,2025-05-16
B7hSKBJaHwn8LaaCqqRSnreqvsaxg3obRYQ7Ecr2pump,6.820274885878821e-06,6.820274885878821e-06,6.820274885878821e-06,6.820274885878821e-06,12H,1747440000,0.0,usd,2025-05-17
B7hSKBJaHwn8LaaCqqRSnreqvsaxg3obRYQ7Ecr2pump,6.820274885878821e-06,6.820274885878821e-06,6.820274885878821e-06,6.820274885878821e-06,12H,1747483200,0.0,usd,2025-05-17
B7hSKBJaHwn8LaaCqqRSnreqvsaxg3obRYQ7Ecr2pump,6.820274885878821e-06,6.820274885878821e-06,6.820274885878821e-06,6.820274885878821e-06,12H,1747526400,0.0,usd,2025-05-18
B7hSKBJaHwn8LaaCqqRSnreqvsaxg3obRYQ7Ecr2pump,6.820274885878821e-06,6.820274885878821e-06,6.820274885878821e-06,6.820274885878821e-06,12H,1747569600,0.0,usd,2025-05-18
B7hSKBJaHwn8LaaCqqRSnreqvsaxg3obRYQ7Ecr2pump,6.820274885878821e-06,6.820274885878821e-06,6.820274885878821e-06,6.820274885878821e-06,12H,1747612800,0.0,usd,2025-05-19
B7hSKBJaHwn8LaaCqqRSnreqvsaxg3obRYQ7Ecr2pump,6.820274885878821e-06,6.820274885878821e-06,6.820274885878821e-06,6.820274885878821e-06,12H,1747656000,0.0,usd,2025-05-19
B7hSKBJaHwn8LaaCqqRSnreqvsaxg3obRYQ7Ecr2pump,6.820274885878821e-06,6.820274885878821e-06,6.820274885878821e-06,6.820274885878821e-06,12H,1747699200,0.0,usd,2025-05-20
B7hSKBJaHwn8LaaCqqRSnreqvsaxg3obRYQ7Ecr2pump,6.820274885878821e-06,6.820274885878821e-06,6.820274885878821e-06,6.820274885878821e-06,12H,1747742400,0.0,usd,2025-05-20
B7hSKBJaHwn8LaaCqqRSnreqvsaxg3obRYQ7Ecr2pump,6.820274885878821e-06,6.820274885878821e-06,6.820274885878821e-06,6.820274885878821e-06,12H,1747785600,0.0,usd,2025-05-21
B7hSKBJaHwn8LaaCqqRSnreqvsaxg3obRYQ7Ecr2pump,6.820274885878821e-06,6.820274885878821e-06,6.820274885878821e-06,6.820274885878821e-06,12H,1747828800,0.0,usd,2025-05-21
B7hSKBJaHwn8LaaCqqRSnreqvsaxg3obRYQ7Ecr2pump,6.820274885878821e-06,6.820274885878821e-06,6.820274885878821e-06,6.820274885878821e-06,12H,1747872000,0.0,usd,2025-05-22
B7hSKBJaHwn8LaaCqqRSnreqvsaxg3obRYQ7Ecr2pump,6.820274885878821e-06,6.820274885878821e-06,6.820274885878821e-06,6.820274885878821e-06,12H,1747915200,0.0,usd,2025-05-22
B7hSKBJaHwn8LaaCqqRSnreqvsaxg3obRYQ7Ecr2pump,6.820274885878821e-06,6.820274885878821e-06,6.820274885878821e-06,6.820274885878821e-06,12H,1747958400,0.0,usd,2025-05-23
B7hSKBJaHwn8LaaCqqRSnreqvsaxg3obRYQ7Ecr2pump,6.820274885878821e-06,6.820274885878821e-06,6.820274885878821e-06,6.820274885878821e-06,12H,1748001600,0.0,usd,2025-05-23
B7hSKBJaHwn8LaaCqqRSnreqvsaxg3obRYQ7Ecr2pump,6.820274885878821e-06,6.820274885878821e-06,6.820274885878821e-06,6.820274885878821e-06,12H,1748044800,0.0,usd,2025-05-24
B7hSKBJaHwn8LaaCqqRSnreqvsaxg3obRYQ7Ecr2pump,6.820274885878821e-06,6.820274885878821e-06,6.820274885878821e-06,6.820274885878821e-06,12H,1748088000,0.0,usd,2025-05-24
B7hSKBJaHwn8LaaCqqRSnreqvsaxg3obRYQ7Ecr2pump,6.820274885878821e-06,6.820274885878821e-06,6.820274885878821e-06,6.820274885878821e-06,12H,1748131200,0.0,usd,2025-05-25
B7hSKBJaHwn8LaaCqqRSnreqvsaxg3obRYQ7Ecr2pump,6.820274885878821e-06,6.820274885878821e-06,6.820274885878821e-06,6.820274885878821e-06,12H,1748174400,0.0,usd,2025-05-25
B7hSKBJaHwn8LaaCqqRSnreqvsaxg3obRYQ7Ecr2pump,6.820274885878821e-06,6.820274885878821e-06,6.820274885878821e-06,6.820274885878821e-06,12H,1748217600,0.0,usd,2025-05-26
B7hSKBJaHwn8LaaCqqRSnreqvsaxg3obRYQ7Ecr2pump,6.820274885878821e-06,6.820274885878821e-06,6.820274885878821e-06,6.820274885878821e-06,12H,1748260800,0.0,usd,2025-05-26
B7hSKBJaHwn8LaaCqqRSnreqvsaxg3obRYQ7Ecr2pump,6.820274885878821e-06,6.820274885878821e-06,6.820274885878821e-06,6.820274885878821e-06,12H,1748304000,0.0,usd,2025-05-27
B7hSKBJaHwn8LaaCqqRSnreqvsaxg3obRYQ7Ecr2pump,6.820274885878821e-06,6.820274885878821e-06,6.820274885878821e-06,6.820274885878821e-06,12H,1748347200,0.0,usd,2025-05-27
B7hSKBJaHwn8LaaCqqRSnreqvsaxg3obRYQ7Ecr2pump,6.820274885878821e-06,6.820274885878821e-06,6.820274885878821e-06,6.820274885878821e-06,12H,1748390400,0.0,usd,2025-05-28
B7hSKBJaHwn8LaaCqqRSnreqvsaxg3obRYQ7Ecr2pump,6.820274885878821e-06,6.820274885878821e-06,6.820274885878821e-06,6.820274885878821e-06,12H,1748433600,0.0,usd,2025-05-28
B7hSKBJaHwn8LaaCqqRSnreqvsaxg3obRYQ7Ecr2pump,6.820274885878821e-06,6.820274885878821e-06,6.820274885878821e-06,6.820274885878821e-06,12H,1748476800,0.0,usd,2025-05-29
B7hSKBJaHwn8LaaCqqRSnreqvsaxg3obRYQ7Ecr2pump,6.820274885878821e-06,6.820274885878821e-06,6.820274885878821e-06,6.820274885878821e-06,12H,1748520000,0.0,usd,2025-05-29
B7hSKBJaHwn8LaaCqqRSnreqvsaxg3obRYQ7Ecr2pump,6.820274885878821e-06,6.820274885878821e-06,6.820274885878821e-06,6.820274885878821e-06,12H,1748563200,0.0,usd,2025-05-30
B7hSKBJaHwn8LaaCqqRSnreqvsaxg3obRYQ7Ecr2pump,6.820274885878821e-06,6.820274885878821e-06,6.820274885878821e-06,6.820274885878821e-06,12H,1748606400,0.0,usd,2025-05-30
B7hSKBJaHwn8LaaCqqRSnreqvsaxg3obRYQ7Ecr2pump,6.820274885878821e-06,6.820274885878821e-06,6.820274885878821e-06,6.820274885878821e-06,12H,1748649600,0.0,usd,2025-05-31
B7hSKBJaHwn8LaaCqqRSnreqvsaxg3obRYQ7Ecr2pump,6.820274885878821e-06,6.820274885878821e-06,6.820274885878821e-06,6.820274885878821e-06,12H,1748692800,0.0,usd,2025-05-31
B7hSKBJaHwn8LaaCqqRSnreqvsaxg3obRYQ7Ecr2pump,6.820274885878821e-06,6.820274885878821e-06,6.820274885878821e-06,6.820274885878821e-06,12H,1748736000,0.0,usd,2025-06-01
B7hSKBJaHwn8LaaCqqRSnreqvsaxg3obRYQ7Ecr2pump,6.820274885878821e-06,6.820274885878821e-06,6.820274885878821e-06,6.820274885878821e-06,12H,1748779200,0.0,usd,2025-06-01
B7hSKBJaHwn8LaaCqqRSnreqvsaxg3obRYQ7Ecr2pump,6.820274885878821e-06,6.820274885878821e-06,6.820274885878821e-06,6.820274885878821e-06,12H,1748822400,0.0,usd,2025-06-02
B7hSKBJaHwn8LaaCqqRSnreqvsaxg3obRYQ7Ecr2pump,6.820274885878821e-06,6.820274885878821e-06,6.820274885878821e-06,6.820274885878821e-06,12H,1748865600,0.0,usd,2025-06-02
B7hSKBJaHwn8LaaCqqRSnreqvsaxg3obRYQ7Ecr2pump,6.820274885878821e-06,6.820274885878821e-06,6.820274885878821e-06,6.820274885878821e-06,12H,1748908800,0.0,usd,2025-06-03
B7hSKBJaHwn8LaaCqqRSnreqvsaxg3obRYQ7Ecr2pump,6.820274885878821e-06,6.820274885878821e-06,6.820274885878821e-06,6.820274885878821e-06,12H,1748952000,0.0,usd,2025-06-03
B7hSKBJaHwn8LaaCqqRSnreqvsaxg3obRYQ7Ecr2pump,6.820274885878821e-06,6.820274885878821e-06,6.820274885878821e-06,6.820274885878821e-06,12H,1748995200,0.0,usd,2025-06-04
B7hSKBJaHwn8LaaCqqRSnreqvsaxg3obRYQ7Ecr2pump,6.820274885878821e-06,6.820274885878821e-06,6.820274885878821e-06,6.820274885878821e-06,12H,1749038400,0.0,usd,2025-06-04
B7hSKBJaHwn8LaaCqqRSnreqvsaxg3obRYQ7Ecr2pump,6.820274885878821e-06,6.820274885878821e-06,6.820274885878821e-06,6.820274885878821e-06,12H,1749081600,0.0,usd,2025-06-05
B7hSKBJaHwn8LaaCqqRSnreqvsaxg3obRYQ7Ecr2pump,6.820274885878821e-06,6.820274885878821e-06,6.820274885878821e-06,6.820274885878821e-06,12H,1749124800,0.0,usd,2025-06-05
B7hSKBJaHwn8LaaCqqRSnreqvsaxg3obRYQ7Ecr2pump,6.820274885878821e-06,6.820274885878821e-06,6.820274885878821e-06,6.820274885878821e-06,12H,1749168000,0.0,usd,2025-06-06
B7hSKBJaHwn8LaaCqqRSnreqvsaxg3obRYQ7Ecr2pump,6.820274885878821e-06,6.820274885878821e-06,6.820274885878821e-06,6.820274885878821e-06,12H,1749211200,0.0,usd,2025-06-06
B7hSKBJaHwn8LaaCqqRSnreqvsaxg3obRYQ7Ecr2pump,6.820274885878821e-06,6.820274885878821e-06,6.820274885878821e-06,6.820274885878821e-06,12H,1749254400,0.0,usd,2025-06-07
B7hSKBJaHwn8LaaCqqRSnreqvsaxg3obRYQ7Ecr2pump,6.820274885878821e-06,6.820274885878821e-06,6.820274885878821e-06,6.820274885878821e-06,12H,1749297600,0.0,usd,2025-06-07
B7hSKBJaHwn8LaaCqqRSnreqvsaxg3obRYQ7Ecr2pump,6.820274885878821e-06,6.820274885878821e-06,6.820274885878821e-06,6.820274885878821e-06,12H,1749340800,0.0,usd,2025-06-08
B7hSKBJaHwn8LaaCqqRSnreqvsaxg3obRYQ7Ecr2pump,6.820274885878821e-06,6.820274885878821e-06,6.820274885878821e-06,6.820274885878821e-06,12H,1749384000,0.0,usd,2025-06-08
B7hSKBJaHwn8LaaCqqRSnreqvsaxg3obRYQ7Ecr2pump,6.820274885878821e-06,6.820274885878821e-06,6.820274885878821e-06,6.820274885878821e-06,12H,1749427200,0.0,usd,2025-06-09
B7hSKBJaHwn8LaaCqqRSnreqvsaxg3obRYQ7Ecr2pump,6.820274885878821e-06,6.820274885878821e-06,6.820274885878821e-06,6.820274885878821e-06,12H,1749470400,0.0,usd,2025-06-09
B7hSKBJaHwn8LaaCqqRSnreqvsaxg3obRYQ7Ecr2pump,6.820274885878821e-06,6.820274885878821e-06,6.820274885878821e-06,6.820274885878821e-06,12H,1749513600,0.0,usd,2025-06-10
B7hSKBJaHwn8LaaCqqRSnreqvsaxg3obRYQ7Ecr2pump,6.820274885878821e-06,6.820274885878821e-06,6.820274885878821e-06,6.820274885878821e-06,12H,1749556800,0.0,usd,2025-06-10
B7hSKBJaHwn8LaaCqqRSnreqvsaxg3obRYQ7Ecr2pump,6.820274885878821e-06,6.820274885878821e-06,6.820274885878821e-06,6.820274885878821e-06,12H,1749600000,0.0,usd,2025-06-11
B7hSKBJaHwn8LaaCqqRSnreqvsaxg3obRYQ7Ecr2pump,6.820274885878821e-06,6.820274885878821e-06,6.820274885878821e-06,6.820274885878821e-06,12H,1749643200,0.0,usd,2025-06-11
B7hSKBJaHwn8LaaCqqRSnreqvsaxg3obRYQ7Ecr2pump,6.820274885878821e-06,6.820274885878821e-06,6.820274885878821e-06,6.820274885878821e-06,12H,1749686400,0.0,usd,2025-06-12
B7hSKBJaHwn8LaaCqqRSnreqvsaxg3obRYQ7Ecr2pump,6.820274885878821e-06,6.820274885878821e-06,6.820274885878821e-06,6.820274885878821e-06,12H,1749729600,0.0,usd,2025-06-12
B7hSKBJaHwn8LaaCqqRSnreqvsaxg3obRYQ7Ecr2pump,6.820274885878821e-06,6.820274885878821e-06,6.820274885878821e-06,6.820274885878821e-06,12H,1749772800,0.0,usd,2025-06-13
B7hSKBJaHwn8LaaCqqRSnreqvsaxg3obRYQ7Ecr2pump,6.820274885878821e-06,6.820274885878821e-06,6.820274885878821e-06,6.820274885878821e-06,12H,1749816000,0.0,usd,2025-06-13
B7hSKBJaHwn8LaaCqqRSnreqvsaxg3obRYQ7Ecr2pump,6.820274885878821e-06,6.820274885878821e-06,6.820274885878821e-06,6.820274885878821e-06,12H,1749859200,0.0,usd,2025-06-14
B7hSKBJaHwn8LaaCqqRSnreqvsaxg3obRYQ7Ecr2pump,6.820274885878821e-06,6.820274885878821e-06,6.820274885878821e-06,6.820274885878821e-06,12H,1749902400,0.0,usd,2025-06-14
B7hSKBJaHwn8LaaCqqRSnreqvsaxg3obRYQ7Ecr2pump,6.820274885878821e-06,6.820274885878821e-06,6.820274885878821e-06,6.820274885878821e-06,12H,1749945600,0.0,usd,2025-06-15
B7hSKBJaHwn8LaaCqqRSnreqvsaxg3obRYQ7Ecr2pump,6.820274885878821e-06,6.820274885878821e-06,6.820274885878821e-06,6.820274885878821e-06,12H,1749988800,0.0,usd,2025-06-15
B7hSKBJaHwn8LaaCqqRSnreqvsaxg3obRYQ7Ecr2pump,6.820274885878821e-06,6.820274885878821e-06,6.820274885878821e-06,6.820274885878821e-06,12H,1750032000,0.0,usd,2025-06-16
B7hSKBJaHwn8LaaCqqRSnreqvsaxg3obRYQ7Ecr2pump,6.820274885878821e-06,6.820274885878821e-06,6.820274885878821e-06,6.820274885878821e-06,12H,1750075200,0.0,usd,2025-06-16
B7hSKBJaHwn8LaaCqqRSnreqvsaxg3obRYQ7Ecr2pump,6.820274885878821e-06,6.820274885878821e-06,6.820274885878821e-06,6.820274885878821e-06,12H,1750118400,0.0,usd,2025-06-17
B7hSKBJaHwn8LaaCqqRSnreqvsaxg3obRYQ7Ecr2pump,6.820274885878821e-06,6.820274885878821e-06,6.820274885878821e-06,6.820274885878821e-06,12H,1750161600,0.0,usd,2025-06-17
B7hSKBJaHwn8LaaCqqRSnreqvsaxg3obRYQ7Ecr2pump,6.820274885878821e-06,6.820274885878821e-06,6.820274885878821e-06,6.820274885878821e-06,12H,1750204800,0.0,usd,2025-06-18
B7hSKBJaHwn8LaaCqqRSnreqvsaxg3obRYQ7Ecr2pump,6.820274885878821e-06,6.820274885878821e-06,6.820274885878821e-06,6.820274885878821e-06,12H,1750248000,0.0,usd,2025-06-18
B7hSKBJaHwn8LaaCqqRSnreqvsaxg3obRYQ7Ecr2pump,6.820274885878821e-06,6.820274885878821e-06,6.820274885878821e-06,6.820274885878821e-06,12H,1750291200,0.0,usd,2025-06-19
B7hSKBJaHwn8LaaCqqRSnreqvsaxg3obRYQ7Ecr2pump,6.820274885878821e-06,6.820274885878821e-06,6.820274885878821e-06,6.820274885878821e-06,12H,1750334400,0.0,usd,2025-06-19
B7hSKBJaHwn8LaaCqqRSnreqvsaxg3obRYQ7Ecr2pump,6.820274885878821e-06,6.820274885878821e-06,6.820274885878821e-06,6.820274885878821e-06,12H,1750377600,0.0,usd,2025-06-20
B7hSKBJaHwn8LaaCqqRSnreqvsaxg3obRYQ7Ecr2pump,6.820274885878821e-06,6.820274885878821e-06,6.820274885878821e-06,6.820274885878821e-06,12H,1750420800,0.0,usd,2025-06-20
B7hSKBJaHwn8LaaCqqRSnreqvsaxg3obRYQ7Ecr2pump,6.820274885878821e-06,6.820274885878821e-06,6.820274885878821e-06,6.820274885878821e-06,12H,1750464000,0.0,usd,2025-06-21
B7hSKBJaHwn8LaaCqqRSnreqvsaxg3obRYQ7Ecr2pump,6.820274885878821e-06,6.820274885878821e-06,6.820274885878821e-06,6.820274885878821e-06,12H,1750507200,0.0,usd,2025-06-21
B7hSKBJaHwn8LaaCqqRSnreqvsaxg3obRYQ7Ecr2pump,6.820274885878821e-06,6.820274885878821e-06,6.820274885878821e-06,6.820274885878821e-06,12H,1750550400,0.0,usd,2025-06-22
B7hSKBJaHwn8LaaCqqRSnreqvsaxg3obRYQ7Ecr2pump,6.820274885878821e-06,6.820274885878821e-06,6.820274885878821e-06,6.820274885878821e-06,12H,1750593600,0.0,usd,2025-06-22
B7hSKBJaHwn8LaaCqqRSnreqvsaxg3obRYQ7Ecr2pump,6.820274885878821e-06,6.820274885878821e-06,6.820274885878821e-06,6.820274885878821e-06,12H,1750636800,0.0,usd,2025-06-23
B7hSKBJaHwn8LaaCqqRSnreqvsaxg3obRYQ7Ecr2pump,6.820274885878821e-06,6.820274885878821e-06,6.820274885878821e-06,6.820274885878821e-06,12H,1750680000,0.0,usd,2025-06-23
B7hSKBJaHwn8LaaCqqRSnreqvsaxg3obRYQ7Ecr2pump,6.820274885878821e-06,6.820274885878821e-06,6.820274885878821e-06,6.820274885878821e-06,12H,1750723200,0.0,usd,2025-06-24
B7hSKBJaHwn8LaaCqqRSnreqvsaxg3obRYQ7Ecr2pump,6.820274885878821e-06,6.820274885878821e-06,6.820274885878821e-06,6.820274885878821e-06,12H,1750766400,0.0,usd,2025-06-24
B7hSKBJaHwn8LaaCqqRSnreqvsaxg3obRYQ7Ecr2pump,6.820274885878821e-06,6.820274885878821e-06,6.820274885878821e-06,6.820274885878821e-06,12H,1750809600,0.0,usd,2025-06-25
B7hSKBJaHwn8LaaCqqRSnreqvsaxg3obRYQ7Ecr2pump,6.820274885878821e-06,6.820274885878821e-06,6.820274885878821e-06,6.820274885878821e-06,12H,1750852800,0.0,usd,2025-06-25
B7hSKBJaHwn8LaaCqqRSnreqvsaxg3obRYQ7Ecr2pump,6.820274885878821e-06,6.820274885878821e-06,6.820274885878821e-06,6.820274885878821e-06,12H,1750896000,0.0,usd,2025-06-26
B7hSKBJaHwn8LaaCqqRSnreqvsaxg3obRYQ7Ecr2pump,6.820274885878821e-06,6.820274885878821e-06,6.820274885878821e-06,6.820274885878821e-06,12H,1750939200,0.0,usd,2025-06-26
B7hSKBJaHwn8LaaCqqRSnreqvsaxg3obRYQ7Ecr2pump,6.820274885878821e-06,6.820274885878821e-06,6.820274885878821e-06,6.820274885878821e-06,12H,1750982400,0.0,usd,2025-06-27
B7hSKBJaHwn8LaaCqqRSnreqvsaxg3obRYQ7Ecr2pump,6.820274885878821e-06,6.820274885878821e-06,6.820274885878821e-06,6.820274885878821e-06,12H,1751025600,0.0,usd,2025-06-27
B7hSKBJaHwn8LaaCqqRSnreqvsaxg3obRYQ7Ecr2pump,6.820274885878821e-06,6.820274885878821e-06,6.820274885878821e-06,6.820274885878821e-06,12H,1751068800,0.0,usd,2025-06-28
B7hSKBJaHwn8LaaCqqRSnreqvsaxg3obRYQ7Ecr2pump,6.820274885878821e-06,6.820274885878821e-06,6.820274885878821e-06,6.820274885878821e-06,12H,1751112000,0.0,usd,2025-06-28
B7hSKBJaHwn8LaaCqqRSnreqvsaxg3obRYQ7Ecr2pump,6.820274885878821e-06,6.820274885878821e-06,6.820274885878821e-06,6.820274885878821e-06,12H,1751155200,0.0,usd,2025-06-29
B7hSKBJaHwn8LaaCqqRSnreqvsaxg3obRYQ7Ecr2pump,6.820274885878821e-06,6.820274885878821e-06,6.820274885878821e-06,6.820274885878821e-06,12H,1751198400,0.0,usd,2025-06-29
B7hSKBJaHwn8LaaCqqRSnreqvsaxg3obRYQ7Ecr2pump,6.820274885878821e-06,6.820274885878821e-06,6.820274885878821e-06,6.820274885878821e-06,12H,1751241600,0.0,usd,2025-06-30
B7hSKBJaHwn8LaaCqqRSnreqvsaxg3obRYQ7Ecr2pump,6.820274885878821e-06,6.820274885878821e-06,6.820274885878821e-06,6.820274885878821e-06,12H,1751284800,0.0,usd,2025-06-30
B7hSKBJaHwn8LaaCqqRSnreqvsaxg3obRYQ7Ecr2pump,6.820274885878821e-06,6.820274885878821e-06,6.820274885878821e-06,6.820274885878821e-06,12H,1751328000,0.0,usd,2025-07-01
B7hSKBJaHwn8LaaCqqRSnreqvsaxg3obRYQ7Ecr2pump,6.820274885878821e-06,6.820274885878821e-06,6.820274885878821e-06,6.820274885878821e-06,12H,1751371200,0.0,usd,2025-07-01
B7hSKBJaHwn8LaaCqqRSnreqvsaxg3obRYQ7Ecr2pump,6.820274885878821e-06,6.820274885878821e-06,6.820274885878821e-06,6.820274885878821e-06,12H,1751414400,0.0,usd,2025-07-02
B7hSKBJaHwn8LaaCqqRSnreqvsaxg3obRYQ7Ecr2pump,6.820274885878821e-06,6.820274885878821e-06,6.820274885878821e-06,6.820274885878821e-06,12H,1751457600,0.0,usd,2025-07-02
B7hSKBJaHwn8LaaCqqRSnreqvsaxg3obRYQ7Ecr2pump,6.820274885878821e-06,6.820274885878821e-06,6.820274885878821e-06,6.820274885878821e-06,12H,1751500800,0.0,usd,2025-07-03
B7hSKBJaHwn8LaaCqqRSnreqvsaxg3obRYQ7Ecr2pump,6.820274885878821e-06,6.820274885878821e-06,6.820274885878821e-06,6.820274885878821e-06,12H,1751544000,0.0,usd,2025-07-03
B7hSKBJaHwn8LaaCqqRSnreqvsaxg3obRYQ7Ecr2pump,6.820274885878821e-06,6.820274885878821e-06,6.820274885878821e-06,6.820274885878821e-06,12H,1751587200,0.0,usd,2025-07-04
B7hSKBJaHwn8LaaCqqRSnreqvsaxg3obRYQ7Ecr2pump,6.820274885878821e-06,6.820274885878821e-06,6.820274885878821e-06,6.820274885878821e-06,12H,1751630400,0.0,usd,2025-07-04
B7hSKBJaHwn8LaaCqqRSnreqvsaxg3obRYQ7Ecr2pump,6.820274885878821e-06,6.820274885878821e-06,6.820274885878821e-06,6.820274885878821e-06,12H,1751673600,0.0,usd,2025-07-05
B7hSKBJaHwn8LaaCqqRSnreqvsaxg3obRYQ7Ecr2pump,6.820274885878821e-06,6.820274885878821e-06,6.820274885878821e-06,6.820274885878821e-06,12H,1751716800,0.0,usd,2025-07-05
B7hSKBJaHwn8LaaCqqRSnreqvsaxg3obRYQ7Ecr2pump,6.820274885878821e-06,6.820274885878821e-06,6.820274885878821e-06,6.820274885878821e-06,12H,1751760000,0.0,usd,2025-07-06
B7hSKBJaHwn8LaaCqqRSnreqvsaxg3obRYQ7Ecr2pump,6.820274885878821e-06,6.820274885878821e-06,6.820274885878821e-06,6.820274885878821e-06,12H,1751803200,0.0,usd,2025-07-06
B7hSKBJaHwn8LaaCqqRSnreqvsaxg3obRYQ7Ecr2pump,6.820274885878821e-06,6.820274885878821e-06,6.820274885878821e-06,6.820274885878821e-06,12H,1751846400,0.0,usd,2025-07-07
B7hSKBJaHwn8LaaCqqRSnreqvsaxg3obRYQ7Ecr2pump,6.820274885878821e-06,6.820274885878821e-06,6.820274885878821e-06,6.820274885878821e-06,12H,1751889600,0.0,usd,2025-07-07
B7hSKBJaHwn8LaaCqqRSnreqvsaxg3obRYQ7Ecr2pump,6.820274885878821e-06,6.820274885878821e-06,6.820274885878821e-06,6.820274885878821e-06,12H,1751932800,0.0,usd,2025-07-08
B7hSKBJaHwn8LaaCqqRSnreqvsaxg3obRYQ7Ecr2pump,6.820274885878821e-06,6.820274885878821e-06,6.820274885878821e-06,6.820274885878821e-06,12H,1751976000,0.0,usd,2025-07-08
B7hSKBJaHwn8LaaCqqRSnreqvsaxg3obRYQ7Ecr2pump,6.820274885878821e-06,6.820274885878821e-06,6.820274885878821e-06,6.820274885878821e-06,12H,1752019200,0.0,usd,2025-07-09
B7hSKBJaHwn8LaaCqqRSnreqvsaxg3obRYQ7Ecr2pump,6.820274885878821e-06,6.820274885878821e-06,6.820274885878821e-06,6.820274885878821e-06,12H,1752062400,0.0,usd,2025-07-09
B7hSKBJaHwn8LaaCqqRSnreqvsaxg3obRYQ7Ecr2pump,6.820274885878821e-06,6.820274885878821e-06,6.820274885878821e-06,6.820274885878821e-06,12H,1752105600,0.0,usd,2025-07-10
B7hSKBJaHwn8LaaCqqRSnreqvsaxg3obRYQ7Ecr2pump,6.820274885878821e-06,6.820274885878821e-06,6.820274885878821e-06,6.820274885878821e-06,12H,1752148800,0.0,usd,2025-07-10
B7hSKBJaHwn8LaaCqqRSnreqvsaxg3obRYQ7Ecr2pump,6.820274885878821e-06,6.820274885878821e-06,6.820274885878821e-06,6.820274885878821e-06,12H,1752192000,0.0,usd,2025-07-11
B7hSKBJaHwn8LaaCqqRSnreqvsaxg3obRYQ7Ecr2pump,6.820274885878821e-06,6.820274885878821e-06,6.820274885878821e-06,6.820274885878821e-06,12H,1752235200,0.0,usd,2025-07-11
B7hSKBJaHwn8LaaCqqRSnreqvsaxg3obRYQ7Ecr2pump,6.820274885878821e-06,6.820274885878821e-06,6.820274885878821e-06,6.820274885878821e-06,12H,1752278400,0.0,usd,2025-07-12
B7hSKBJaHwn8LaaCqqRSnreqvsaxg3obRYQ7Ecr2pump,6.820274885878821e-06,6.820274885878821e-06,6.820274885878821e-06,6.820274885878821e-06,12H,1752321600,0.0,usd,2025-07-12
B7hSKBJaHwn8LaaCqqRSnreqvsaxg3obRYQ7Ecr2pump,6.820274885878821e-06,6.820274885878821e-06,6.820274885878821e-06,6.820274885878821e-06,12H,1752364800,0.0,usd,2025-07-13
B7hSKBJaHwn8LaaCqqRSnreqvsaxg3obRYQ7Ecr2pump,6.820274885878821e-06,6.820274885878821e-06,6.820274885878821e-06,6.820274885878821e-06,12H,1752408000,0.0,usd,2025-07-13
B7hSKBJaHwn8LaaCqqRSnreqvsaxg3obRYQ7Ecr2pump,6.820274885878821e-06,6.820274885878821e-06,6.820274885878821e-06,6.820274885878821e-06,12H,1752451200,0.0,usd,2025-07-14
B7hSKBJaHwn8LaaCqqRSnreqvsaxg3obRYQ7Ecr2pump,6.820274885878821e-06,6.820274885878821e-06,6.820274885878821e-06,6.820274885878821e-06,12H,1752494400,0.0,usd,2025-07-14
B7hSKBJaHwn8LaaCqqRSnreqvsaxg3obRYQ7Ecr2pump,6.820274885878821e-06,6.820274885878821e-06,6.820274885878821e-06,6.820274885878821e-06,12H,1752537600,0.0,usd,2025-07-15
B7hSKBJaHwn8LaaCqqRSnreqvsaxg3obRYQ7Ecr2pump,6.820274885878821e-06,6.820274885878821e-06,6.820274885878821e-06,6.820274885878821e-06,12H,1752580800,0.0,usd,2025-07-15
B7hSKBJaHwn8LaaCqqRSnreqvsaxg3obRYQ7Ecr2pump,6.820274885878821e-06,6.820274885878821e-06,6.820274885878821e-06,6.820274885878821e-06,12H,1752624000,0.0,usd,2025-07-16
B7hSKBJaHwn8LaaCqqRSnreqvsaxg3obRYQ7Ecr2pump,6.820274885878821e-06,6.820274885878821e-06,6.820274885878821e-06,6.820274885878821e-06,12H,1752667200,0.0,usd,2025-07-16
B7hSKBJaHwn8LaaCqqRSnreqvsaxg3obRYQ7Ecr2pump,6.820274885878821e-06,6.820274885878821e-06,6.820274885878821e-06,6.820274885878821e-06,12H,1752710400,0.0,usd,2025-07-17
B7hSKBJaHwn8LaaCqqRSnreqvsaxg3obRYQ7Ecr2pump,6.820274885878821e-06,6.820274885878821e-06,6.820274885878821e-06,6.820274885878821e-06,12H,1752753600,0.0,usd,2025-07-17
B7hSKBJaHwn8LaaCqqRSnreqvsaxg3obRYQ7Ecr2pump,6.820274885878821e-06,6.820274885878821e-06,6.820274885878821e-06,6.820274885878821e-06,12H,1752796800,0.0,usd,2025-07-18
B7hSKBJaHwn8LaaCqqRSnreqvsaxg3obRYQ7Ecr2pump,6.820274885878821e-06,6.820274885878821e-06,6.820274885878821e-06,6.820274885878821e-06,12H,1752840000,0.0,usd,2025-07-18
B7hSKBJaHwn8LaaCqqRSnreqvsaxg3obRYQ7Ecr2pump,6.820274885878821e-06,6.820274885878821e-06,6.820274885878821e-06,6.820274885878821e-06,12H,1752883200,0.0,usd,2025-07-19
B7hSKBJaHwn8LaaCqqRSnreqvsaxg3obRYQ7Ecr2pump,6.820274885878821e-06,6.820274885878821e-06,6.820274885878821e-06,6.820274885878821e-06,12H,1752926400,0.0,usd,2025-07-19
B7hSKBJaHwn8LaaCqqRSnreqvsaxg3obRYQ7Ecr2pump,6.820274885878821e-06,6.820274885878821e-06,6.820274885878821e-06,6.820274885878821e-06,12H,1752969600,0.0,usd,2025-07-20
B7hSKBJaHwn8LaaCqqRSnreqvsaxg3obRYQ7Ecr2pump,6.820274885878821e-06,6.820274885878821e-06,6.820274885878821e-06,6.820274885878821e-06,12H,1753012800,0.0,usd,2025-07-20
B7hSKBJaHwn8LaaCqqRSnreqvsaxg3obRYQ7Ecr2pump,6.820274885878821e-06,6.820274885878821e-06,6.820274885878821e-06,6.820274885878821e-06,12H,1753056000,0.0,usd,2025-07-21
B7hSKBJaHwn8LaaCqqRSnreqvsaxg3obRYQ7Ecr2pump,6.820274885878821e-06,6.820274885878821e-06,6.820274885878821e-06,6.820274885878821e-06,12H,1753099200,0.0,usd,2025-07-21
B7hSKBJaHwn8LaaCqqRSnreqvsaxg3obRYQ7Ecr2pump,6.820274885878821e-06,6.820274885878821e-06,6.820274885878821e-06,6.820274885878821e-06,12H,1753142400,0.0,usd,2025-07-22
B7hSKBJaHwn8LaaCqqRSnreqvsaxg3obRYQ7Ecr2pump,6.820274885878821e-06,6.820274885878821e-06,6.820274885878821e-06,6.820274885878821e-06,12H,1753185600,0.0,usd,2025-07-22
B7hSKBJaHwn8LaaCqqRSnreqvsaxg3obRYQ7Ecr2pump,6.820274885878821e-06,6.820274885878821e-06,6.820274885878821e-06,6.820274885878821e-06,12H,1753228800,0.0,usd,2025-07-23
B7hSKBJaHwn8LaaCqqRSnreqvsaxg3obRYQ7Ecr2pump,6.820274885878821e-06,6.820274885878821e-06,6.820274885878821e-06,6.820274885878821e-06,12H,1753272000,0.0,usd,2025-07-23
B7hSKBJaHwn8LaaCqqRSnreqvsaxg3obRYQ7Ecr2pump,6.820274885878821e-06,6.820274885878821e-06,6.820274885878821e-06,6.820274885878821e-06,12H,1753315200,0.0,usd,2025-07-24
B7hSKBJaHwn8LaaCqqRSnreqvsaxg3obRYQ7Ecr2pump,6.820274885878821e-06,6.820274885878821e-06,6.820274885878821e-06,6.820274885878821e-06,12H,1753358400,0.0,usd,2025-07-24
B7hSKBJaHwn8LaaCqqRSnreqvsaxg3obRYQ7Ecr2pump,6.820274885878821e-06,6.820274885878821e-06,6.820274885878821e-06,6.820274885878821e-06,12H,1753401600,0.0,usd,2025-07-25
B7hSKBJaHwn8LaaCqqRSnreqvsaxg3obRYQ7Ecr2pump,6.820274885878821e-06,6.820274885878821e-06,6.820274885878821e-06,6.820274885878821e-06,12H,1753444800,0.0,usd,2025-07-25
B7hSKBJaHwn8LaaCqqRSnreqvsaxg3obRYQ7Ecr2pump,6.820274885878821e-06,6.820274885878821e-06,6.820274885878821e-06,6.820274885878821e-06,12H,1753488000,0.0,usd,2025-07-26
B7hSKBJaHwn8LaaCqqRSnreqvsaxg3obRYQ7Ecr2pump,6.820274885878821e-06,6.820274885878821e-06,6.820274885878821e-06,6.820274885878821e-06,12H,1753531200,0.0,usd,2025-07-26
B7hSKBJaHwn8LaaCqqRSnreqvsaxg3obRYQ7Ecr2pump,6.820274885878821e-06,6.820274885878821e-06,6.820274885878821e-06,6.820274885878821e-06,12H,1753574400,0.0,usd,2025-07-27
B7hSKBJaHwn8LaaCqqRSnreqvsaxg3obRYQ7Ecr2pump,6.820274885878821e-06,6.820274885878821e-06,6.820274885878821e-06,6.820274885878821e-06,12H,1753617600,0.0,usd,2025-07-27
B7hSKBJaHwn8LaaCqqRSnreqvsaxg3obRYQ7Ecr2pump,6.820274885878821e-06,6.820274885878821e-06,6.820274885878821e-06,6.820274885878821e-06,12H,1753660800,0.0,usd,2025-07-28
B7hSKBJaHwn8LaaCqqRSnreqvsaxg3obRYQ7Ecr2pump,6.820274885878821e-06,6.820274885878821e-06,6.820274885878821e-06,6.820274885878821e-06,12H,1753704000,0.0,usd,2025-07-28
B7hSKBJaHwn8LaaCqqRSnreqvsaxg3obRYQ7Ecr2pump,6.820274885878821e-06,6.820274885878821e-06,6.820274885878821e-06,6.820274885878821e-06,12H,1753747200,0.0,usd,2025-07-29
B7hSKBJaHwn8LaaCqqRSnreqvsaxg3obRYQ7Ecr2pump,6.820274885878821e-06,6.820274885878821e-06,6.820274885878821e-06,6.820274885878821e-06,12H,1753790400,0.0,usd,2025-07-29
B7hSKBJaHwn8LaaCqqRSnreqvsaxg3obRYQ7Ecr2pump,6.820274885878821e-06,6.820274885878821e-06,6.820274885878821e-06,6.820274885878821e-06,12H,1753833600,0.0,usd,2025-07-30
B7hSKBJaHwn8LaaCqqRSnreqvsaxg3obRYQ7Ecr2pump,6.820274885878821e-06,6.820274885878821e-06,6.820274885878821e-06,6.820274885878821e-06,12H,1753876800,0.0,usd,2025-07-30
B7hSKBJaHwn8LaaCqqRSnreqvsaxg3obRYQ7Ecr2pump,6.820274885878821e-06,6.820274885878821e-06,6.820274885878821e-06,6.820274885878821e-06,12H,1753920000,0.0,usd,2025-07-31
B7hSKBJaHwn8LaaCqqRSnreqvsaxg3obRYQ7Ecr2pump,6.820274885878821e-06,6.820274885878821e-06,6.820274885878821e-06,6.820274885878821e-06,12H,1753963200,0.0,usd,2025-07-31
B7hSKBJaHwn8LaaCqqRSnreqvsaxg3obRYQ7Ecr2pump,6.820274885878821e-06,6.820274885878821e-06,6.820274885878821e-06,6.820274885878821e-06,12H,1754006400,0.0,usd,2025-08-01
B7hSKBJaHwn8LaaCqqRSnreqvsaxg3obRYQ7Ecr2pump,6.820274885878821e-06,6.820274885878821e-06,6.820274885878821e-06,6.820274885878821e-06,12H,1754049600,0.0,usd,2025-08-01
B7hSKBJaHwn8LaaCqqRSnreqvsaxg3obRYQ7Ecr2pump,6.820274885878821e-06,6.820274885878821e-06,6.820274885878821e-06,6.820274885878821e-06,12H,1754092800,0.0,usd,2025-08-02
B7hSKBJaHwn8LaaCqqRSnreqvsaxg3obRYQ7Ecr2pump,6.820274885878821e-06,6.820274885878821e-06,6.820274885878821e-06,6.820274885878821e-06,12H,1754136000,0.0,usd,2025-08-02
B7hSKBJaHwn8LaaCqqRSnreqvsaxg3obRYQ7Ecr2pump,6.820274885878821e-06,6.820274885878821e-06,6.820274885878821e-06,6.820274885878821e-06,12H,1754179200,0.0,usd,2025-08-03
B7hSKBJaHwn8LaaCqqRSnreqvsaxg3obRYQ7Ecr2pump,6.820274885878821e-06,6.820274885878821e-06,6.820274885878821e-06,6.820274885878821e-06,12H,1754222400,0.0,usd,2025-08-03
B7hSKBJaHwn8LaaCqqRSnreqvsaxg3obRYQ7Ecr2pump,6.820274885878821e-06,6.820274885878821e-06,6.820274885878821e-06,6.820274885878821e-06,12H,1754265600,0.0,usd,2025-08-04
B7hSKBJaHwn8LaaCqqRSnreqvsaxg3obRYQ7Ecr2pump,6.820274885878821e-06,6.820274885878821e-06,6.820274885878821e-06,6.820274885878821e-06,12H,1754308800,0.0,usd,2025-08-04
B7hSKBJaHwn8LaaCqqRSnreqvsaxg3obRYQ7Ecr2pump,6.820274885878821e-06,6.820274885878821e-06,6.820274885878821e-06,6.820274885878821e-06,12H,1754352000,0.0,usd,2025-08-05
B7hSKBJaHwn8LaaCqqRSnreqvsaxg3obRYQ7Ecr2pump,6.820274885878821e-06,6.820274885878821e-06,6.820274885878821e-06,6.820274885878821e-06,12H,1754395200,0.0,usd,2025-08-05
B7hSKBJaHwn8LaaCqqRSnreqvsaxg3obRYQ7Ecr2pump,6.820274885878821e-06,6.820274885878821e-06,6.820274885878821e-06,6.820274885878821e-06,12H,1754438400,0.0,usd,2025-08-06
B7hSKBJaHwn8LaaCqqRSnreqvsaxg3obRYQ7Ecr2pump,6.820274885878821e-06,6.820274885878821e-06,6.820274885878821e-06,6.820274885878821e-06,12H,1754481600,0.0,usd,2025-08-06
B7hSKBJaHwn8LaaCqqRSnreqvsaxg3obRYQ7Ecr2pump,6.820274885878821e-06,6.820274885878821e-06,6.820274885878821e-06,6.820274885878821e-06,12H,1754524800,0.0,usd,2025-08-07
B7hSKBJaHwn8LaaCqqRSnreqvsaxg3obRYQ7Ecr2pump,6.820274885878821e-06,6.820274885878821e-06,6.820274885878821e-06,6.820274885878821e-06,12H,1754568000,0.0,usd,2025-08-07
B7hSKBJaHwn8LaaCqqRSnreqvsaxg3obRYQ7Ecr2pump,6.820274885878821e-06,6.820274885878821e-06,6.820274885878821e-06,6.820274885878821e-06,12H,1754611200,0.0,usd,2025-08-08
B7hSKBJaHwn8LaaCqqRSnreqvsaxg3obRYQ7Ecr2pump,6.820274885878821e-06,6.820274885878821e-06,6.820274885878821e-06,6.820274885878821e-06,12H,1754654400,0.0,usd,2025-08-08
B7hSKBJaHwn8LaaCqqRSnreqvsaxg3obRYQ7Ecr2pump,6.820274885878821e-06,6.820274885878821e-06,6.820274885878821e-06,6.820274885878821e-06,12H,1754697600,0.0,usd,2025-08-09
B7hSKBJaHwn8LaaCqqRSnreqvsaxg3obRYQ7Ecr2pump,6.820274885878821e-06,6.820274885878821e-06,6.820274885878821e-06,6.820274885878821e-06,12H,1754740800,0.0,usd,2025-08-09
B7hSKBJaHwn8LaaCqqRSnreqvsaxg3obRYQ7Ecr2pump,6.820274885878821e-06,6.820274885878821e-06,6.820274885878821e-06,6.820274885878821e-06,12H,1754784000,0.0,usd,2025-08-10
B7hSKBJaHwn8LaaCqqRSnreqvsaxg3obRYQ7Ecr2pump,6.820274885878821e-06,6.820274885878821e-06,6.820274885878821e-06,6.820274885878821e-06,12H,1754827200,0.0,usd,2025-08-10
B7hSKBJaHwn8LaaCqqRSnreqvsaxg3obRYQ7Ecr2pump,6.820274885878821e-06,6.820274885878821e-06,6.820274885878821e-06,6.820274885878821e-06,12H,1754870400,0.0,usd,2025-08-11
B7hSKBJaHwn8LaaCqqRSnreqvsaxg3obRYQ7Ecr2pump,6.820274885878821e-06,6.820274885878821e-06,6.820274885878821e-06,6.820274885878821e-06,12H,1754913600,0.0,usd,2025-08-11
B7hSKBJaHwn8LaaCqqRSnreqvsaxg3obRYQ7Ecr2pump,6.820274885878821e-06,6.820274885878821e-06,6.820274885878821e-06,6.820274885878821e-06,12H,1754956800,0.0,usd,2025-08-12
B7hSKBJaHwn8LaaCqqRSnreqvsaxg3obRYQ7Ecr2pump,6.820274885878821e-06,6.820274885878821e-06,6.820274885878821e-06,6.820274885878821e-06,12H,1755000000,0.0,usd,2025-08-12
B7hSKBJaHwn8LaaCqqRSnreqvsaxg3obRYQ7Ecr2pump,6.820274885878821e-06,6.820274885878821e-06,6.820274885878821e-06,6.820274885878821e-06,12H,1755043200,0.0,usd,2025-08-13
B7hSKBJaHwn8LaaCqqRSnreqvsaxg3obRYQ7Ecr2pump,6.820274885878821e-06,6.820274885878821e-06,6.820274885878821e-06,6.820274885878821e-06,12H,1755086400,0.0,usd,2025-08-13
B7hSKBJaHwn8LaaCqqRSnreqvsaxg3obRYQ7Ecr2pump,6.820274885878821e-06,6.820274885878821e-06,6.820274885878821e-06,6.820274885878821e-06,12H,1755129600,0.0,usd,2025-08-14
B7hSKBJaHwn8LaaCqqRSnreqvsaxg3obRYQ7Ecr2pump,6.820274885878821e-06,6.820274885878821e-06,6.820274885878821e-06,6.820274885878821e-06,12H,1755172800,0.0,usd,2025-08-14
B7hSKBJaHwn8LaaCqqRSnreqvsaxg3obRYQ7Ecr2pump,6.820274885878821e-06,6.820274885878821e-06,6.820274885878821e-06,6.820274885878821e-06,12H,1755216000,0.0,usd,2025-08-15
B7hSKBJaHwn8LaaCqqRSnreqvsaxg3obRYQ7Ecr2pump,6.820274885878821e-06,6.820274885878821e-06,6.820274885878821e-06,6.820274885878821e-06,12H,1755259200,0.0,usd,2025-08-15
B7hSKBJaHwn8LaaCqqRSnreqvsaxg3obRYQ7Ecr2pump,6.820274885878821e-06,6.820274885878821e-06,6.820274885878821e-06,6.820274885878821e-06,12H,1755302400,0.0,usd,2025-08-16
B7hSKBJaHwn8LaaCqqRSnreqvsaxg3obRYQ7Ecr2pump,6.820274885878821e-06,6.820274885878821e-06,6.820274885878821e-06,6.820274885878821e-06,12H,1755345600,0.0,usd,2025-08-16
B7hSKBJaHwn8LaaCqqRSnreqvsaxg3obRYQ7Ecr2pump,6.820274885878821e-06,6.820274885878821e-06,6.820274885878821e-06,6.820274885878821e-06,12H,1755388800,0.0,usd,2025-08-17
B7hSKBJaHwn8LaaCqqRSnreqvsaxg3obRYQ7Ecr2pump,6.820274885878821e-06,6.820274885878821e-06,6.820274885878821e-06,6.820274885878821e-06,12H,1755432000,0.0,usd,2025-08-17
B7hSKBJaHwn8LaaCqqRSnreqvsaxg3obRYQ7Ecr2pump,6.820274885878821e-06,6.820274885878821e-06,6.820274885878821e-06,6.820274885878821e-06,12H,1755475200,0.0,usd,2025-08-18
B7hSKBJaHwn8LaaCqqRSnreqvsaxg3obRYQ7Ecr2pump,6.820274885878821e-06,6.820274885878821e-06,6.820274885878821e-06,6.820274885878821e-06,12H,1755518400,0.0,usd,2025-08-18
B7hSKBJaHwn8LaaCqqRSnreqvsaxg3obRYQ7Ecr2pump,6.820274885878821e-06,6.820274885878821e-06,6.820274885878821e-06,6.820274885878821e-06,12H,1755561600,0.0,usd,2025-08-19
B7hSKBJaHwn8LaaCqqRSnreqvsaxg3obRYQ7Ecr2pump,6.820274885878821e-06,6.820274885878821e-06,6.820274885878821e-06,6.820274885878821e-06,12H,1755604800,0.0,usd,2025-08-19
B7hSKBJaHwn8LaaCqqRSnreqvsaxg3obRYQ7Ecr2pump,6.820274885878821e-06,6.820274885878821e-06,6.820274885878821e-06,6.820274885878821e-06,12H,1755648000,0.0,usd,2025-08-20
B7hSKBJaHwn8LaaCqqRSnreqvsaxg3obRYQ7Ecr2pump,6.820274885878821e-06,6.820274885878821e-06,6.820274885878821e-06,6.820274885878821e-06,12H,1755691200,0.0,usd,2025-08-20
B7hSKBJaHwn8LaaCqqRSnreqvsaxg3obRYQ7Ecr2pump,6.820274885878821e-06,6.820274885878821e-06,6.820274885878821e-06,6.820274885878821e-06,12H,1755734400,0.0,usd,2025-08-21
B7hSKBJaHwn8LaaCqqRSnreqvsaxg3obRYQ7Ecr2pump,6.820274885878821e-06,6.820274885878821e-06,6.820274885878821e-06,6.820274885878821e-06,12H,1755777600,0.0,usd,2025-08-21
B7hSKBJaHwn8LaaCqqRSnreqvsaxg3obRYQ7Ecr2pump,6.820274885878821e-06,6.820274885878821e-06,6.820274885878821e-06,6.820274885878821e-06,12H,1755820800,0.0,usd,2025-08-22
B7hSKBJaHwn8LaaCqqRSnreqvsaxg3obRYQ7Ecr2pump,6.820274885878821e-06,6.820274885878821e-06,6.820274885878821e-06,6.820274885878821e-06,12H,1755864000,0.0,usd,2025-08-22
B7hSKBJaHwn8LaaCqqRSnreqvsaxg3obRYQ7Ecr2pump,6.820274885878821e-06,6.820274885878821e-06,6.820274885878821e-06,6.820274885878821e-06,12H,1755907200,0.0,usd,2025-08-23
B7hSKBJaHwn8LaaCqqRSnreqvsaxg3obRYQ7Ecr2pump,6.820274885878821e-06,6.820274885878821e-06,6.820274885878821e-06,6.820274885878821e-06,12H,1755950400,0.0,usd,2025-08-23
B7hSKBJaHwn8LaaCqqRSnreqvsaxg3obRYQ7Ecr2pump,6.820274885878821e-06,6.820274885878821e-06,6.820274885878821e-06,6.820274885878821e-06,12H,1755993600,0.0,usd,2025-08-24
B7hSKBJaHwn8LaaCqqRSnreqvsaxg3obRYQ7Ecr2pump,6.820274885878821e-06,6.820274885878821e-06,6.820274885878821e-06,6.820274885878821e-06,12H,1756036800,0.0,usd,2025-08-24
B7hSKBJaHwn8LaaCqqRSnreqvsaxg3obRYQ7Ecr2pump,6.820274885878821e-06,6.820274885878821e-06,6.820274885878821e-06,6.820274885878821e-06,12H,1756080000,0.0,usd,2025-08-25
B7hSKBJaHwn8LaaCqqRSnreqvsaxg3obRYQ7Ecr2pump,6.820274885878821e-06,6.820274885878821e-06,6.820274885878821e-06,6.820274885878821e-06,12H,1756123200,0.0,usd,2025-08-25
B7hSKBJaHwn8LaaCqqRSnreqvsaxg3obRYQ7Ecr2pump,6.820274885878821e-06,6.820274885878821e-06,6.820274885878821e-06,6.820274885878821e-06,12H,1756166400,0.0,usd,2025-08-26
B7hSKBJaHwn8LaaCqqRSnreqvsaxg3obRYQ7Ecr2pump,6.820274885878821e-06,6.820274885878821e-06,6.820274885878821e-06,6.820274885878821e-06,12H,1756209600,0.0,usd,2025-08-26
B7hSKBJaHwn8LaaCqqRSnreqvsaxg3obRYQ7Ecr2pump,6.820274885878821e-06,6.820274885878821e-06,6.820274885878821e-06,6.820274885878821e-06,12H,1756252800,0.0,usd,2025-08-27
B7hSKBJaHwn8LaaCqqRSnreqvsaxg3obRYQ7Ecr2pump,6.820274885878821e-06,6.820274885878821e-06,6.820274885878821e-06,6.820274885878821e-06,12H,1756296000,0.0,usd,2025-08-27
B7hSKBJaHwn8LaaCqqRSnreqvsaxg3obRYQ7Ecr2pump,6.820274885878821e-06,6.820274885878821e-06,6.820274885878821e-06,6.820274885878821e-06,12H,1756339200,0.0,usd,2025-08-28
B7hSKBJaHwn8LaaCqqRSnreqvsaxg3obRYQ7Ecr2pump,6.820274885878821e-06,6.820274885878821e-06,6.820274885878821e-06,6.820274885878821e-06,12H,1756382400,0.0,usd,2025-08-28
B7hSKBJaHwn8LaaCqqRSnreqvsaxg3obRYQ7Ecr2pump,6.820274885878821e-06,6.820274885878821e-06,6.820274885878821e-06,6.820274885878821e-06,12H,1756425600,0.0,usd,2025-08-29
B7hSKBJaHwn8LaaCqqRSnreqvsaxg3obRYQ7Ecr2pump,6.820274885878821e-06,6.820274885878821e-06,6.820274885878821e-06,6.820274885878821e-06,12H,1756468800,0.0,usd,2025-08-29
B7hSKBJaHwn8LaaCqqRSnreqvsaxg3obRYQ7Ecr2pump,6.820274885878821e-06,6.820274885878821e-06,6.820274885878821e-06,6.820274885878821e-06,12H,1756512000,0.0,usd,2025-08-30
B7hSKBJaHwn8LaaCqqRSnreqvsaxg3obRYQ7Ecr2pump,6.820274885878821e-06,6.820274885878821e-06,6.820274885878821e-06,6.820274885878821e-06,12H,1756555200,0.0,usd,2025-08-30
B7hSKBJaHwn8LaaCqqRSnreqvsaxg3obRYQ7Ecr2pump,6.820274885878821e-06,6.820274885878821e-06,6.820274885878821e-06,6.820274885878821e-06,12H,1756598400,0.0,usd,2025-08-31
B7hSKBJaHwn8LaaCqqRSnreqvsaxg3obRYQ7Ecr2pump,6.820274885878821e-06,6.820274885878821e-06,6.820274885878821e-06,6.820274885878821e-06,12H,1756641600,0.0,usd,2025-08-31
B7hSKBJaHwn8LaaCqqRSnreqvsaxg3obRYQ7Ecr2pump,6.820274885878821e-06,6.820274885878821e-06,6.820274885878821e-06,6.820274885878821e-06,12H,1756684800,0.0,usd,2025-09-01
B7hSKBJaHwn8LaaCqqRSnreqvsaxg3obRYQ7Ecr2pump,6.820274885878821e-06,6.820274885878821e-06,6.820274885878821e-06,6.820274885878821e-06,12H,1756728000,0.0,usd,2025-09-01
B7hSKBJaHwn8LaaCqqRSnreqvsaxg3obRYQ7Ecr2pump,6.820274885878821e-06,6.820274885878821e-06,6.820274885878821e-06,6.820274885878821e-06,12H,1756771200,0.0,usd,2025-09-02
B7hSKBJaHwn8LaaCqqRSnreqvsaxg3obRYQ7Ecr2pump,6.820274885878821e-06,6.820274885878821e-06,6.820274885878821e-06,6.820274885878821e-06,12H,1756814400,0.0,usd,2025-09-02
B7hSKBJaHwn8LaaCqqRSnreqvsaxg3obRYQ7Ecr2pump,6.820274885878821e-06,6.820274885878821e-06,6.820274885878821e-06,6.820274885878821e-06,12H,1756857600,0.0,usd,2025-09-03
B7hSKBJaHwn8LaaCqqRSnreqvsaxg3obRYQ7Ecr2pump,6.820274885878821e-06,6.820274885878821e-06,6.820274885878821e-06,6.820274885878821e-06,12H,1756900800,0.0,usd,2025-09-03
B7hSKBJaHwn8LaaCqqRSnreqvsaxg3obRYQ7Ecr2pump,6.820274885878821e-06,6.820274885878821e-06,6.820274885878821e-06,6.820274885878821e-06,12H,1756944000,0.0,usd,2025-09-04
B7hSKBJaHwn8LaaCqqRSnreqvsaxg3obRYQ7Ecr2pump,6.820274885878821e-06,6.820274885878821e-06,6.820274885878821e-06,6.820274885878821e-06,12H,1756987200,0.0,usd,2025-09-04
B7hSKBJaHwn8LaaCqqRSnreqvsaxg3obRYQ7Ecr2pump,6.820274885878821e-06,6.820274885878821e-06,6.820274885878821e-06,6.820274885878821e-06,12H,1757030400,0.0,usd,2025-09-05
B7hSKBJaHwn8LaaCqqRSnreqvsaxg3obRYQ7Ecr2pump,6.820274885878821e-06,6.820274885878821e-06,6.820274885878821e-06,6.820274885878821e-06,12H,1757073600,0.0,usd,2025-09-05
B7hSKBJaHwn8LaaCqqRSnreqvsaxg3obRYQ7Ecr2pump,6.820274885878821e-06,6.820274885878821e-06,6.820274885878821e-06,6.820274885878821e-06,12H,1757116800,0.0,usd,2025-09-06
B7hSKBJaHwn8LaaCqqRSnreqvsaxg3obRYQ7Ecr2pump,6.820274885878821e-06,6.820274885878821e-06,6.820274885878821e-06,6.820274885878821e-06,12H,1757160000,0.0,usd,2025-09-06
B7hSKBJaHwn8LaaCqqRSnreqvsaxg3obRYQ7Ecr2pump,6.820274885878821e-06,6.820274885878821e-06,6.820274885878821e-06,6.820274885878821e-06,12H,1757203200,0.0,usd,2025-09-07
B7hSKBJaHwn8LaaCqqRSnreqvsaxg3obRYQ7Ecr2pump,6.820274885878821e-06,6.820274885878821e-06,6.820274885878821e-06,6.820274885878821e-06,12H,1757246400,0.0,usd,2025-09-07
B7hSKBJaHwn8LaaCqqRSnreqvsaxg3obRYQ7Ecr2pump,6.820274885878821e-06,6.820274885878821e-06,6.820274885878821e-06,6.820274885878821e-06,12H,1757289600,0.0,usd,2025-09-08
B7hSKBJaHwn8LaaCqqRSnreqvsaxg3obRYQ7Ecr2pump,6.820274885878821e-06,6.820274885878821e-06,6.820274885878821e-06,6.820274885878821e-06,12H,1757332800,0.0,usd,2025-09-08
B7hSKBJaHwn8LaaCqqRSnreqvsaxg3obRYQ7Ecr2pump,6.820274885878821e-06,6.820274885878821e-06,6.820274885878821e-06,6.820274885878821e-06,12H,1757376000,0.0,usd,2025-09-09
B7hSKBJaHwn8LaaCqqRSnreqvsaxg3obRYQ7Ecr2pump,6.820274885878821e-06,6.820274885878821e-06,6.820274885878821e-06,6.820274885878821e-06,12H,1757419200,0.0,usd,2025-09-09
B7hSKBJaHwn8LaaCqqRSnreqvsaxg3obRYQ7Ecr2pump,6.820274885878821e-06,6.820274885878821e-06,6.820274885878821e-06,6.820274885878821e-06,12H,1757462400,0.0,usd,2025-09-10
B7hSKBJaHwn8LaaCqqRSnreqvsaxg3obRYQ7Ecr2pump,6.820274885878821e-06,6.820274885878821e-06,6.820274885878821e-06,6.820274885878821e-06,12H,1757505600,0.0,usd,2025-09-10
B7hSKBJaHwn8LaaCqqRSnreqvsaxg3obRYQ7Ecr2pump,6.820274885878821e-06,6.820274885878821e-06,6.820274885878821e-06,6.820274885878821e-06,12H,1757548800,0.0,usd,2025-09-11
B7hSKBJaHwn8LaaCqqRSnreqvsaxg3obRYQ7Ecr2pump,6.820274885878821e-06,6.820274885878821e-06,6.820274885878821e-06,6.820274885878821e-06,12H,1757592000,0.0,usd,2025-09-11
B7hSKBJaHwn8LaaCqqRSnreqvsaxg3obRYQ7Ecr2pump,6.820274885878821e-06,6.820274885878821e-06,6.820274885878821e-06,6.820274885878821e-06,12H,1757635200,0.0,usd,2025-09-12
B7hSKBJaHwn8LaaCqqRSnreqvsaxg3obRYQ7Ecr2pump,6.820274885878821e-06,6.820274885878821e-06,6.820274885878821e-06,6.820274885878821e-06,12H,1757678400,0.0,usd,2025-09-12
B7hSKBJaHwn8LaaCqqRSnreqvsaxg3obRYQ7Ecr2pump,6.820274885878821e-06,6.820274885878821e-06,6.820274885878821e-06,6.820274885878821e-06,12H,1757721600,0.0,usd,2025-09-13
B7hSKBJaHwn8LaaCqqRSnreqvsaxg3obRYQ7Ecr2pump,6.820274885878821e-06,6.820274885878821e-06,6.820274885878821e-06,6.820274885878821e-06,12H,1757764800,0.0,usd,2025-09-13
B7hSKBJaHwn8LaaCqqRSnreqvsaxg3obRYQ7Ecr2pump,6.820274885878821e-06,6.820274885878821e-06,6.820274885878821e-06,6.820274885878821e-06,12H,1757808000,0.0,usd,2025-09-14
B7hSKBJaHwn8LaaCqqRSnreqvsaxg3obRYQ7Ecr2pump,6.820274885878821e-06,6.820274885878821e-06,6.820274885878821e-06,6.820274885878821e-06,12H,1757851200,0.0,usd,2025-09-14
B7hSKBJaHwn8LaaCqqRSnreqvsaxg3obRYQ7Ecr2pump,6.820274885878821e-06,6.820274885878821e-06,6.820274885878821e-06,6.820274885878821e-06,12H,1757894400,0.0,usd,2025-09-15
B7hSKBJaHwn8LaaCqqRSnreqvsaxg3obRYQ7Ecr2pump,6.820274885878821e-06,6.820274885878821e-06,6.820274885878821e-06,6.820274885878821e-06,12H,1757937600,0.0,usd,2025-09-15
B7hSKBJaHwn8LaaCqqRSnreqvsaxg3obRYQ7Ecr2pump,6.820274885878821e-06,6.820274885878821e-06,6.820274885878821e-06,6.820274885878821e-06,12H,1757980800,0.0,usd,2025-09-16
B7hSKBJaHwn8LaaCqqRSnreqvsaxg3obRYQ7Ecr2pump,6.820274885878821e-06,6.820274885878821e-06,6.820274885878821e-06,6.820274885878821e-06,12H,1758024000,0.0,usd,2025-09-16
B7hSKBJaHwn8LaaCqqRSnreqvsaxg3obRYQ7Ecr2pump,6.820274885878821e-06,6.820274885878821e-06,6.820274885878821e-06,6.820274885878821e-06,12H,1758067200,0.0,usd,2025-09-17
B7hSKBJaHwn8LaaCqqRSnreqvsaxg3obRYQ7Ecr2pump,6.820274885878821e-06,6.820274885878821e-06,6.820274885878821e-06,6.820274885878821e-06,12H,1758110400,0.0,usd,2025-09-17
B7hSKBJaHwn8LaaCqqRSnreqvsaxg3obRYQ7Ecr2pump,6.820274885878821e-06,6.820274885878821e-06,6.820274885878821e-06,6.820274885878821e-06,12H,1758153600,0.0,usd,2025-09-18
B7hSKBJaHwn8LaaCqqRSnreqvsaxg3obRYQ7Ecr2pump,6.820274885878821e-06,6.820274885878821e-06,6.820274885878821e-06,6.820274885878821e-06,12H,1758196800,0.0,usd,2025-09-18
B7hSKBJaHwn8LaaCqqRSnreqvsaxg3obRYQ7Ecr2pump,6.820274885878821e-06,6.820274885878821e-06,6.820274885878821e-06,6.820274885878821e-06,12H,1758240000,0.0,usd,2025-09-19
B7hSKBJaHwn8LaaCqqRSnreqvsaxg3obRYQ7Ecr2pump,6.820274885878821e-06,6.820274885878821e-06,6.820274885878821e-06,6.820274885878821e-06,12H,1758283200,0.0,usd,2025-09-19
B7hSKBJaHwn8LaaCqqRSnreqvsaxg3obRYQ7Ecr2pump,6.820274885878821e-06,6.820274885878821e-06,6.820274885878821e-06,6.820274885878821e-06,12H,1758326400,0.0,usd,2025-09-20
B7hSKBJaHwn8LaaCqqRSnreqvsaxg3obRYQ7Ecr2pump,6.820274885878821e-06,6.820274885878821e-06,6.820274885878821e-06,6.820274885878821e-06,12H,1758369600,0.0,usd,2025-09-20
B7hSKBJaHwn8LaaCqqRSnreqvsaxg3obRYQ7Ecr2pump,6.820274885878821e-06,6.820274885878821e-06,6.820274885878821e-06,6.820274885878821e-06,12H,1758412800,0.0,usd,2025-09-21
B7hSKBJaHwn8LaaCqqRSnreqvsaxg3obRYQ7Ecr2pump,6.820274885878821e-06,6.820274885878821e-06,6.820274885878821e-06,6.820274885878821e-06,12H,1758456000,0.0,usd,2025-09-21
B7hSKBJaHwn8LaaCqqRSnreqvsaxg3obRYQ7Ecr2pump,6.820274885878821e-06,6.820274885878821e-06,6.820274885878821e-06,6.820274885878821e-06,12H,1758499200,0.0,usd,2025-09-22
B7hSKBJaHwn8LaaCqqRSnreqvsaxg3obRYQ7Ecr2pump,6.820274885878821e-06,6.820274885878821e-06,6.820274885878821e-06,6.820274885878821e-06,12H,1758542400,0.0,usd,2025-09-22
B7hSKBJaHwn8LaaCqqRSnreqvsaxg3obRYQ7Ecr2pump,6.820274885878821e-06,6.820274885878821e-06,6.820274885878821e-06,6.820274885878821e-06,12H,1758585600,0.0,usd,2025-09-23
B7hSKBJaHwn8LaaCqqRSnreqvsaxg3obRYQ7Ecr2pump,6.820274885878821e-06,6.820274885878821e-06,6.820274885878821e-06,6.820274885878821e-06,12H,1758628800,0.0,usd,2025-09-23
B7hSKBJaHwn8LaaCqqRSnreqvsaxg3obRYQ7Ecr2pump,6.820274885878821e-06,6.820274885878821e-06,6.820274885878821e-06,6.820274885878821e-06,12H,1758672000,0.0,usd,2025-09-24
B7hSKBJaHwn8LaaCqqRSnreqvsaxg3obRYQ7Ecr2pump,6.820274885878821e-06,6.820274885878821e-06,6.820274885878821e-06,6.820274885878821e-06,12H,1758715200,0.0,usd,2025-09-24
B7hSKBJaHwn8LaaCqqRSnreqvsaxg3obRYQ7Ecr2pump,6.820274885878821e-06,6.820274885878821e-06,6.820274885878821e-06,6.820274885878821e-06,12H,1758758400,0.0,usd,2025-09-25
B7hSKBJaHwn8LaaCqqRSnreqvsaxg3obRYQ7Ecr2pump,6.820274885878821e-06,6.820274885878821e-06,6.820274885878821e-06,6.820274885878821e-06,12H,1758801600,0.0,usd,2025-09-25
B7hSKBJaHwn8LaaCqqRSnreqvsaxg3obRYQ7Ecr2pump,6.820274885878821e-06,6.820274885878821e-06,6.820274885878821e-06,6.820274885878821e-06,12H,1758844800,0.0,usd,2025-09-26
B7hSKBJaHwn8LaaCqqRSnreqvsaxg3obRYQ7Ecr2pump,6.820274885878821e-06,6.820274885878821e-06,6.820274885878821e-06,6.820274885878821e-06,12H,1758888000,0.0,usd,2025-09-26
B7hSKBJaHwn8LaaCqqRSnreqvsaxg3obRYQ7Ecr2pump,6.820274885878821e-06,6.820274885878821e-06,6.820274885878821e-06,6.820274885878821e-06,12H,1758931200,0.0,usd,2025-09-27
B7hSKBJaHwn8LaaCqqRSnreqvsaxg3obRYQ7Ecr2pump,6.820274885878821e-06,6.820274885878821e-06,6.820274885878821e-06,6.820274885878821e-06,12H,1758974400,0.0,usd,2025-09-27
B7hSKBJaHwn8LaaCqqRSnreqvsaxg3obRYQ7Ecr2pump,6.820274885878821e-06,6.820274885878821e-06,6.820274885878821e-06,6.820274885878821e-06,12H,1759017600,0.0,usd,2025-09-28
B7hSKBJaHwn8LaaCqqRSnreqvsaxg3obRYQ7Ecr2pump,6.820274885878821e-06,6.820274885878821e-06,6.820274885878821e-06,6.820274885878821e-06,12H,1759060800,0.0,usd,2025-09-28
B7hSKBJaHwn8LaaCqqRSnreqvsaxg3obRYQ7Ecr2pump,6.820274885878821e-06,6.820274885878821e-06,6.820274885878821e-06,6.820274885878821e-06,12H,1759104000,0.0,usd,2025-09-29
B7hSKBJaHwn8LaaCqqRSnreqvsaxg3obRYQ7Ecr2pump,6.820274885878821e-06,6.820274885878821e-06,6.820274885878821e-06,6.820274885878821e-06,12H,1759147200,0.0,usd,2025-09-29
B7hSKBJaHwn8LaaCqqRSnreqvsaxg3obRYQ7Ecr2pump,6.820274885878821e-06,6.820274885878821e-06,6.820274885878821e-06,6.820274885878821e-06,12H,1759190400,0.0,usd,2025-09-30
B7hSKBJaHwn8LaaCqqRSnreqvsaxg3obRYQ7Ecr2pump,6.820274885878821e-06,6.820274885878821e-06,6.820274885878821e-06,6.820274885878821e-06,12H,1759233600,0.0,usd,2025-09-30
B7hSKBJaHwn8LaaCqqRSnreqvsaxg3obRYQ7Ecr2pump,6.820274885878821e-06,6.820274885878821e-06,6.820274885878821e-06,6.820274885878821e-06,12H,1759276800,0.0,usd,2025-10-01
B7hSKBJaHwn8LaaCqqRSnreqvsaxg3obRYQ7Ecr2pump,6.820274885878821e-06,6.820274885878821e-06,6.820274885878821e-06,6.820274885878821e-06,12H,1759320000,0.0,usd,2025-10-01
B7hSKBJaHwn8LaaCqqRSnreqvsaxg3obRYQ7Ecr2pump,6.820274885878821e-06,6.820274885878821e-06,6.820274885878821e-06,6.820274885878821e-06,12H,1759363200,0.0,usd,2025-10-02
B7hSKBJaHwn8LaaCqqRSnreqvsaxg3obRYQ7Ecr2pump,6.820274885878821e-06,6.820274885878821e-06,6.820274885878821e-06,6.820274885878821e-06,12H,1759406400,0.0,usd,2025-10-02
B7hSKBJaHwn8LaaCqqRSnreqvsaxg3obRYQ7Ecr2pump,6.820274885878821e-06,6.820274885878821e-06,6.820274885878821e-06,6.820274885878821e-06,12H,1759449600,0.0,usd,2025-10-03
B7hSKBJaHwn8LaaCqqRSnreqvsaxg3obRYQ7Ecr2pump,6.820274885878821e-06,6.820274885878821e-06,6.820274885878821e-06,6.820274885878821e-06,12H,1759492800,0.0,usd,2025-10-03
B7hSKBJaHwn8LaaCqqRSnreqvsaxg3obRYQ7Ecr2pump,6.820274885878821e-06,6.820274885878821e-06,6.820274885878821e-06,6.820274885878821e-06,12H,1759536000,0.0,usd,2025-10-04
B7hSKBJaHwn8LaaCqqRSnreqvsaxg3obRYQ7Ecr2pump,6.820274885878821e-06,6.820274885878821e-06,6.820274885878821e-06,6.820274885878821e-06,12H,1759579200,0.0,usd,2025-10-04
B7hSKBJaHwn8LaaCqqRSnreqvsaxg3obRYQ7Ecr2pump,6.820274885878821e-06,6.820274885878821e-06,6.820274885878821e-06,6.820274885878821e-06,12H,1759622400,0.0,usd,2025-10-05
B7hSKBJaHwn8LaaCqqRSnreqvsaxg3obRYQ7Ecr2pump,6.820274885878821e-06,6.820274885878821e-06,6.820274885878821e-06,6.820274885878821e-06,12H,1759665600,0.0,usd,2025-10-05
B7hSKBJaHwn8LaaCqqRSnreqvsaxg3obRYQ7Ecr2pump,6.820274885878821e-06,6.820274885878821e-06,6.820274885878821e-06,6.820274885878821e-06,12H,1759708800,0.0,usd,2025-10-06
B7hSKBJaHwn8LaaCqqRSnreqvsaxg3obRYQ7Ecr2pump,6.820274885878821e-06,6.820274885878821e-06,6.820274885878821e-06,6.820274885878821e-06,12H,1759752000,0.0,usd,2025-10-06
B7hSKBJaHwn8LaaCqqRSnreqvsaxg3obRYQ7Ecr2pump,6.820274885878821e-06,6.820274885878821e-06,6.820274885878821e-06,6.820274885878821e-06,12H,1759795200,0.0,usd,2025-10-07
B7hSKBJaHwn8LaaCqqRSnreqvsaxg3obRYQ7Ecr2pump,6.820274885878821e-06,6.820274885878821e-06,6.820274885878821e-06,6.820274885878821e-06,12H,1759838400,0.0,usd,2025-10-07
B7hSKBJaHwn8LaaCqqRSnreqvsaxg3obRYQ7Ecr2pump,6.820274885878821e-06,6.820274885878821e-06,6.820274885878821e-06,6.820274885878821e-06,12H,1759881600,0.0,usd,2025-10-08
B7hSKBJaHwn8LaaCqqRSnreqvsaxg3obRYQ7Ecr2pump,6.820274885878821e-06,6.820274885878821e-06,6.820274885878821e-06,6.820274885878821e-06,12H,1759924800,0.0,usd,2025-10-08
B7hSKBJaHwn8LaaCqqRSnreqvsaxg3obRYQ7Ecr2pump,6.820274885878821e-06,6.820274885878821e-06,6.820274885878821e-06,6.820274885878821e-06,12H,1759968000,0.0,usd,2025-10-09
B7hSKBJaHwn8LaaCqqRSnreqvsaxg3obRYQ7Ecr2pump,6.820274885878821e-06,6.820274885878821e-06,6.820274885878821e-06,6.820274885878821e-06,12H,1760011200,0.0,usd,2025-10-09
B7hSKBJaHwn8LaaCqqRSnreqvsaxg3obRYQ7Ecr2pump,6.820274885878821e-06,6.820274885878821e-06,6.820274885878821e-06,6.820274885878821e-06,12H,1760054400,0.0,usd,2025-10-10
B7hSKBJaHwn8LaaCqqRSnreqvsaxg3obRYQ7Ecr2pump,6.820274885878821e-06,6.820274885878821e-06,6.820274885878821e-06,6.820274885878821e-06,12H,1760097600,0.0,usd,2025-10-10
B7hSKBJaHwn8LaaCqqRSnreqvsaxg3obRYQ7Ecr2pump,6.820274885878821e-06,6.820274885878821e-06,6.820274885878821e-06,6.820274885878821e-06,12H,1760140800,0.0,usd,2025-10-11
B7hSKBJaHwn8LaaCqqRSnreqvsaxg3obRYQ7Ecr2pump,6.820274885878821e-06,6.820274885878821e-06,6.820274885878821e-06,6.820274885878821e-06,12H,1760184000,0.0,usd,2025-10-11
B7hSKBJaHwn8LaaCqqRSnreqvsaxg3obRYQ7Ecr2pump,6.820274885878821e-06,6.820274885878821e-06,6.820274885878821e-06,6.820274885878821e-06,12H,1760227200,0.0,usd,2025-10-12
B7hSKBJaHwn8LaaCqqRSnreqvsaxg3obRYQ7Ecr2pump,6.820274885878821e-06,6.820274885878821e-06,6.820274885878821e-06,6.820274885878821e-06,12H,1760270400,0.0,usd,2025-10-12
B7hSKBJaHwn8LaaCqqRSnreqvsaxg3obRYQ7Ecr2pump,6.820274885878821e-06,6.820274885878821e-06,6.820274885878821e-06,6.820274885878821e-06,12H,1760313600,0.0,usd,2025-10-13
B7hSKBJaHwn8LaaCqqRSnreqvsaxg3obRYQ7Ecr2pump,6.820274885878821e-06,6.820274885878821e-06,6.820274885878821e-06,6.820274885878821e-06,12H,1760356800,0.0,usd,2025-10-13
B7hSKBJaHwn8LaaCqqRSnreqvsaxg3obRYQ7Ecr2pump,6.820274885878821e-06,6.820274885878821e-06,6.820274885878821e-06,6.820274885878821e-06,12H,1760400000,0.0,usd,2025-10-14
B7hSKBJaHwn8LaaCqqRSnreqvsaxg3obRYQ7Ecr2pump,6.820274885878821e-06,6.820274885878821e-06,6.820274885878821e-06,6.820274885878821e-06,12H,1760443200,0.0,usd,2025-10-14
B7hSKBJaHwn8LaaCqqRSnreqvsaxg3obRYQ7Ecr2pump,6.820274885878821e-06,6.820274885878821e-06,6.820274885878821e-06,6.820274885878821e-06,12H,1760486400,0.0,usd,2025-10-15
B7hSKBJaHwn8LaaCqqRSnreqvsaxg3obRYQ7Ecr2pump,6.820274885878821e-06,6.820274885878821e-06,6.820274885878821e-06,6.820274885878821e-06,12H,1760529600,0.0,usd,2025-10-15
B7hSKBJaHwn8LaaCqqRSnreqvsaxg3obRYQ7Ecr2pump,6.820274885878821e-06,6.820274885878821e-06,6.820274885878821e-06,6.820274885878821e-06,12H,1760572800,0.0,usd,2025-10-16
B7hSKBJaHwn8LaaCqqRSnreqvsaxg3obRYQ7Ecr2pump,6.820274885878821e-06,6.820274885878821e-06,6.820274885878821e-06,6.820274885878821e-06,12H,1760616000,0.0,usd,2025-10-16
B7hSKBJaHwn8LaaCqqRSnreqvsaxg3obRYQ7Ecr2pump,6.820274885878821e-06,6.820274885878821e-06,6.820274885878821e-06,6.820274885878821e-06,12H,1760659200,0.0,usd,2025-10-17
B7hSKBJaHwn8LaaCqqRSnreqvsaxg3obRYQ7Ecr2pump,6.820274885878821e-06,6.820274885878821e-06,6.820274885878821e-06,6.820274885878821e-06,12H,1760702400,0.0,usd,2025-10-17
B7hSKBJaHwn8LaaCqqRSnreqvsaxg3obRYQ7Ecr2pump,6.820274885878821e-06,6.820274885878821e-06,6.820274885878821e-06,6.820274885878821e-06,12H,1760745600,0.0,usd,2025-10-18
B7hSKBJaHwn8LaaCqqRSnreqvsaxg3obRYQ7Ecr2pump,6.820274885878821e-06,6.820274885878821e-06,6.820274885878821e-06,6.820274885878821e-06,12H,1760788800,0.0,usd,2025-10-18
B7hSKBJaHwn8LaaCqqRSnreqvsaxg3obRYQ7Ecr2pump,6.820274885878821e-06,6.820274885878821e-06,6.820274885878821e-06,6.820274885878821e-06,12H,1760832000,0.0,usd,2025-10-19
B7hSKBJaHwn8LaaCqqRSnreqvsaxg3obRYQ7Ecr2pump,6.820274885878821e-06,6.820274885878821e-06,6.820274885878821e-06,6.820274885878821e-06,12H,1760875200,0.0,usd,2025-10-19
B7hSKBJaHwn8LaaCqqRSnreqvsaxg3obRYQ7Ecr2pump,6.820274885878821e-06,6.820274885878821e-06,6.820274885878821e-06,6.820274885878821e-06,12H,1760918400,0.0,usd,2025-10-20
B7hSKBJaHwn8LaaCqqRSnreqvsaxg3obRYQ7Ecr2pump,6.820274885878821e-06,6.820274885878821e-06,6.820274885878821e-06,6.820274885878821e-06,12H,1760961600,0.0,usd,2025-10-20
B7hSKBJaHwn8LaaCqqRSnreqvsaxg3obRYQ7Ecr2pump,6.820274885878821e-06,6.820274885878821e-06,6.820274885878821e-06,6.820274885878821e-06,12H,1761004800,0.0,usd,2025-10-21
B7hSKBJaHwn8LaaCqqRSnreqvsaxg3obRYQ7Ecr2pump,6.820274885878821e-06,6.820274885878821e-06,6.820274885878821e-06,6.820274885878821e-06,12H,1761048000,0.0,usd,2025-10-21
B7hSKBJaHwn8LaaCqqRSnreqvsaxg3obRYQ7Ecr2pump,6.820274885878821e-06,6.820274885878821e-06,6.820274885878821e-06,6.820274885878821e-06,12H,1761091200,0.0,usd,2025-10-22
B7hSKBJaHwn8LaaCqqRSnreqvsaxg3obRYQ7Ecr2pump,6.820274885878821e-06,6.820274885878821e-06,6.820274885878821e-06,6.820274885878821e-06,12H,1761134400,0.0,usd,2025-10-22
B7hSKBJaHwn8LaaCqqRSnreqvsaxg3obRYQ7Ecr2pump,6.820274885878821e-06,6.820274885878821e-06,6.820274885878821e-06,6.820274885878821e-06,12H,1761177600,0.0,usd,2025-10-23
B7hSKBJaHwn8LaaCqqRSnreqvsaxg3obRYQ7Ecr2pump,6.820274885878821e-06,6.820274885878821e-06,6.820274885878821e-06,6.820274885878821e-06,12H,1761220800,0.0,usd,2025-10-23
B7hSKBJaHwn8LaaCqqRSnreqvsaxg3obRYQ7Ecr2pump,6.820274885878821e-06,6.820274885878821e-06,6.820274885878821e-06,6.820274885878821e-06,12H,1761264000,0.0,usd,2025-10-24
B7hSKBJaHwn8LaaCqqRSnreqvsaxg3obRYQ7Ecr2pump,6.820274885878821e-06,6.820274885878821e-06,6.820274885878821e-06,6.820274885878821e-06,12H,1761307200,0.0,usd,2025-10-24
B7hSKBJaHwn8LaaCqqRSnreqvsaxg3obRYQ7Ecr2pump,6.820274885878821e-06,6.820274885878821e-06,6.820274885878821e-06,6.820274885878821e-06,12H,1761350400,0.0,usd,2025-10-25
B7hSKBJaHwn8LaaCqqRSnreqvsaxg3obRYQ7Ecr2pump,6.820274885878821e-06,6.820274885878821e-06,6.820274885878821e-06,6.820274885878821e-06,12H,1761393600,0.0,usd,2025-10-25
B7hSKBJaHwn8LaaCqqRSnreqvsaxg3obRYQ7Ecr2pump,6.820274885878821e-06,6.820274885878821e-06,6.820274885878821e-06,6.820274885878821e-06,12H,1761436800,0.0,usd,2025-10-26
B7hSKBJaHwn8LaaCqqRSnreqvsaxg3obRYQ7Ecr2pump,6.820274885878821e-06,6.820274885878821e-06,6.820274885878821e-06,6.820274885878821e-06,12H,1761480000,0.0,usd,2025-10-26
B7hSKBJaHwn8LaaCqqRSnreqvsaxg3obRYQ7Ecr2pump,6.820274885878821e-06,6.820274885878821e-06,6.820274885878821e-06,6.820274885878821e-06,12H,1761523200,0.0,usd,2025-10-27
B7hSKBJaHwn8LaaCqqRSnreqvsaxg3obRYQ7Ecr2pump,6.820274885878821e-06,6.820274885878821e-06,6.820274885878821e-06,6.820274885878821e-06,12H,1761566400,0.0,usd,2025-10-27
B7hSKBJaHwn8LaaCqqRSnreqvsaxg3obRYQ7Ecr2pump,6.820274885878821e-06,6.820274885878821e-06,6.820274885878821e-06,6.820274885878821e-06,12H,1761609600,0.0,usd,2025-10-28
B7hSKBJaHwn8LaaCqqRSnreqvsaxg3obRYQ7Ecr2pump,6.820274885878821e-06,6.820274885878821e-06,6.820274885878821e-06,6.820274885878821e-06,12H,1761652800,0.0,usd,2025-10-28
B7hSKBJaHwn8LaaCqqRSnreqvsaxg3obRYQ7Ecr2pump,6.820274885878821e-06,6.820274885878821e-06,6.820274885878821e-06,6.820274885878821e-06,12H,1761696000,0.0,usd,2025-10-29
B7hSKBJaHwn8LaaCqqRSnreqvsaxg3obRYQ7Ecr2pump,6.820274885878821e-06,6.820274885878821e-06,6.820274885878821e-06,6.820274885878821e-06,12H,1761739200,0.0,usd,2025-10-29
B7hSKBJaHwn8LaaCqqRSnreqvsaxg3obRYQ7Ecr2pump,6.820274885878821e-06,6.820274885878821e-06,6.820274885878821e-06,6.820274885878821e-06,12H,1761782400,0.0,usd,2025-10-30
B7hSKBJaHwn8LaaCqqRSnreqvsaxg3obRYQ7Ecr2pump,6.820274885878821e-06,6.820274885878821e-06,6.820274885878821e-06,6.820274885878821e-06,12H,1761825600,0.0,usd,2025-10-30
B7hSKBJaHwn8LaaCqqRSnreqvsaxg3obRYQ7Ecr2pump,6.820274885878821e-06,6.820274885878821e-06,6.820274885878821e-06,6.820274885878821e-06,12H,1761868800,0.0,usd,2025-10-31
B7hSKBJaHwn8LaaCqqRSnreqvsaxg3obRYQ7Ecr2pump,6.820274885878821e-06,6.820274885878821e-06,6.820274885878821e-06,6.820274885878821e-06,12H,1761912000,0.0,usd,2025-10-31
B7hSKBJaHwn8LaaCqqRSnreqvsaxg3obRYQ7Ecr2pump,6.820274885878821e-06,6.820274885878821e-06,6.820274885878821e-06,6.820274885878821e-06,12H,1761955200,0.0,usd,2025-11-01
B7hSKBJaHwn8LaaCqqRSnreqvsaxg3obRYQ7Ecr2pump,6.820274885878821e-06,6.820274885878821e-06,6.820274885878821e-06,6.820274885878821e-06,12H,1761998400,0.0,usd,2025-11-01
B7hSKBJaHwn8LaaCqqRSnreqvsaxg3obRYQ7Ecr2pump,6.820274885878821e-06,6.820274885878821e-06,6.820274885878821e-06,6.820274885878821e-06,12H,1762041600,0.0,usd,2025-11-02
B7hSKBJaHwn8LaaCqqRSnreqvsaxg3obRYQ7Ecr2pump,6.820274885878821e-06,6.820274885878821e-06,6.820274885878821e-06,6.820274885878821e-06,12H,1762084800,0.0,usd,2025-11-02
B7hSKBJaHwn8LaaCqqRSnreqvsaxg3obRYQ7Ecr2pump,6.820274885878821e-06,6.820274885878821e-06,6.820274885878821e-06,6.820274885878821e-06,12H,1762128000,0.0,usd,2025-11-03
B7hSKBJaHwn8LaaCqqRSnreqvsaxg3obRYQ7Ecr2pump,6.820274885878821e-06,6.820274885878821e-06,6.820274885878821e-06,6.820274885878821e-06,12H,1762171200,0.0,usd,2025-11-03
B7hSKBJaHwn8LaaCqqRSnreqvsaxg3obRYQ7Ecr2pump,6.820274885878821e-06,6.820274885878821e-06,6.820274885878821e-06,6.820274885878821e-06,12H,1762214400,0.0,usd,2025-11-04
B7hSKBJaHwn8LaaCqqRSnreqvsaxg3obRYQ7Ecr2pump,6.820274885878821e-06,6.820274885878821e-06,6.820274885878821e-06,6.820274885878821e-06,12H,1762257600,0.0,usd,2025-11-04
B7hSKBJaHwn8LaaCqqRSnreqvsaxg3obRYQ7Ecr2pump,6.820274885878821e-06,6.820274885878821e-06,6.820274885878821e-06,6.820274885878821e-06,12H,1762300800,0.0,usd,2025-11-05
B7hSKBJaHwn8LaaCqqRSnreqvsaxg3obRYQ7Ecr2pump,6.820274885878821e-06,6.820274885878821e-06,6.820274885878821e-06,6.820274885878821e-06,12H,1762344000,0.0,usd,2025-11-05
B7hSKBJaHwn8LaaCqqRSnreqvsaxg3obRYQ7Ecr2pump,6.820274885878821e-06,6.820274885878821e-06,6.820274885878821e-06,6.820274885878821e-06,12H,1762387200,0.0,usd,2025-11-06
B7hSKBJaHwn8LaaCqqRSnreqvsaxg3obRYQ7Ecr2pump,6.820274885878821e-06,6.820274885878821e-06,6.820274885878821e-06,6.820274885878821e-06,12H,1762430400,0.0,usd,2025-11-06
B7hSKBJaHwn8LaaCqqRSnreqvsaxg3obRYQ7Ecr2pump,6.820274885878821e-06,6.820274885878821e-06,6.820274885878821e-06,6.820274885878821e-06,12H,1762473600,0.0,usd,2025-11-07
B7hSKBJaHwn8LaaCqqRSnreqvsaxg3obRYQ7Ecr2pump,6.820274885878821e-06,6.820274885878821e-06,6.820274885878821e-06,6.820274885878821e-06,12H,1762516800,0.0,usd,2025-11-07
B7hSKBJaHwn8LaaCqqRSnreqvsaxg3obRYQ7Ecr2pump,6.820274885878821e-06,6.820274885878821e-06,6.820274885878821e-06,6.820274885878821e-06,12H,1762560000,0.0,usd,2025-11-08
B7hSKBJaHwn8LaaCqqRSnreqvsaxg3obRYQ7Ecr2pump,6.820274885878821e-06,6.820274885878821e-06,6.820274885878821e-06,6.820274885878821e-06,12H,1762603200,0.0,usd,2025-11-08
B7hSKBJaHwn8LaaCqqRSnreqvsaxg3obRYQ7Ecr2pump,6.820274885878821e-06,6.820274885878821e-06,6.820274885878821e-06,6.820274885878821e-06,12H,1762646400,0.0,usd,2025-11-09
B7hSKBJaHwn8LaaCqqRSnreqvsaxg3obRYQ7Ecr2pump,6.820274885878821e-06,6.820274885878821e-06,6.820274885878821e-06,6.820274885878821e-06,12H,1762689600,0.0,usd,2025-11-09
B7hSKBJaHwn8LaaCqqRSnreqvsaxg3obRYQ7Ecr2pump,6.820274885878821e-06,6.820274885878821e-06,6.820274885878821e-06,6.820274885878821e-06,12H,1762732800,0.0,usd,2025-11-10
B7hSKBJaHwn8LaaCqqRSnreqvsaxg3obRYQ7Ecr2pump,6.820274885878821e-06,6.820274885878821e-06,6.820274885878821e-06,6.820274885878821e-06,12H,1762776000,0.0,usd,2025-11-10
B7hSKBJaHwn8LaaCqqRSnreqvsaxg3obRYQ7Ecr2pump,6.820274885878821e-06,6.820274885878821e-06,6.820274885878821e-06,6.820274885878821e-06,12H,1762819200,0.0,usd,2025-11-11
B7hSKBJaHwn8LaaCqqRSnreqvsaxg3obRYQ7Ecr2pump,6.820274885878821e-06,6.820274885878821e-06,6.820274885878821e-06,6.820274885878821e-06,12H,1762862400,0.0,usd,2025-11-11
B7hSKBJaHwn8LaaCqqRSnreqvsaxg3obRYQ7Ecr2pump,6.820274885878821e-06,6.820274885878821e-06,6.820274885878821e-06,6.820274885878821e-06,12H,1762905600,0.0,usd,2025-11-12
B7hSKBJaHwn8LaaCqqRSnreqvsaxg3obRYQ7Ecr2pump,6.820274885878821e-06,6.820274885878821e-06,6.820274885878821e-06,6.820274885878821e-06,12H,1762948800,0.0,usd,2025-11-12
B7hSKBJaHwn8LaaCqqRSnreqvsaxg3obRYQ7Ecr2pump,6.820274885878821e-06,6.820274885878821e-06,6.820274885878821e-06,6.820274885878821e-06,12H,1762992000,0.0,usd,2025-11-13
B7hSKBJaHwn8LaaCqqRSnreqvsaxg3obRYQ7Ecr2pump,6.820274885878821e-06,6.820274885878821e-06,6.820274885878821e-06,6.820274885878821e-06,12H,1763035200,0.0,usd,2025-11-13
B7hSKBJaHwn8LaaCqqRSnreqvsaxg3obRYQ7Ecr2pump,6.820274885878821e-06,6.820274885878821e-06,6.820274885878821e-06,6.820274885878821e-06,12H,1763078400,0.0,usd,2025-11-14
B7hSKBJaHwn8LaaCqqRSnreqvsaxg3obRYQ7Ecr2pump,6.820274885878821e-06,6.820274885878821e-06,6.820274885878821e-06,6.820274885878821e-06,12H,1763121600,0.0,usd,2025-11-14
B7hSKBJaHwn8LaaCqqRSnreqvsaxg3obRYQ7Ecr2pump,6.820274885878821e-06,6.820274885878821e-06,6.820274885878821e-06,6.820274885878821e-06,12H,1763164800,0.0,usd,2025-11-15
B7hSKBJaHwn8LaaCqqRSnreqvsaxg3obRYQ7Ecr2pump,6.820274885878821e-06,6.820274885878821e-06,6.820274885878821e-06,6.820274885878821e-06,12H,1763208000,0.0,usd,2025-11-15
B7hSKBJaHwn8LaaCqqRSnreqvsaxg3obRYQ7Ecr2pump,6.820274885878821e-06,6.820274885878821e-06,6.820274885878821e-06,6.820274885878821e-06,12H,1763251200,0.0,usd,2025-11-16
B7hSKBJaHwn8LaaCqqRSnreqvsaxg3obRYQ7Ecr2pump,6.820274885878821e-06,6.820274885878821e-06,6.820274885878821e-06,6.820274885878821e-06,12H,1763294400,0.0,usd,2025-11-16
B7hSKBJaHwn8LaaCqqRSnreqvsaxg3obRYQ7Ecr2pump,6.820274885878821e-06,6.820274885878821e-06,6.820274885878821e-06,6.820274885878821e-06,12H,1763337600,0.0,usd,2025-11-17
B7hSKBJaHwn8LaaCqqRSnreqvsaxg3obRYQ7Ecr2pump,6.820274885878821e-06,6.820274885878821e-06,6.820274885878821e-06,6.820274885878821e-06,12H,1763380800,0.0,usd,2025-11-17
B7hSKBJaHwn8LaaCqqRSnreqvsaxg3obRYQ7Ecr2pump,6.820274885878821e-06,6.820274885878821e-06,6.820274885878821e-06,6.820274885878821e-06,12H,1763424000,0.0,usd,2025-11-18
B7hSKBJaHwn8LaaCqqRSnreqvsaxg3obRYQ7Ecr2pump,6.820274885878821e-06,6.820274885878821e-06,6.820274885878821e-06,6.820274885878821e-06,12H,1763467200,0.0,usd,2025-11-18
B7hSKBJaHwn8LaaCqqRSnreqvsaxg3obRYQ7Ecr2pump,6.820274885878821e-06,6.820274885878821e-06,6.820274885878821e-06,6.820274885878821e-06,12H,1763510400,0.0,usd,2025-11-19
B7hSKBJaHwn8LaaCqqRSnreqvsaxg3obRYQ7Ecr2pump,6.820274885878821e-06,6.820274885878821e-06,6.820274885878821e-06,6.820274885878821e-06,12H,1763553600,0.0,usd,2025-11-19
B7hSKBJaHwn8LaaCqqRSnreqvsaxg3obRYQ7Ecr2pump,6.820274885878821e-06,6.820274885878821e-06,6.820274885878821e-06,6.820274885878821e-06,12H,1763596800,0.0,usd,2025-11-20
B7hSKBJaHwn8LaaCqqRSnreqvsaxg3obRYQ7Ecr2pump,6.820274885878821e-06,6.820274885878821e-06,6.820274885878821e-06,6.820274885878821e-06,12H,1763640000,0.0,usd,2025-11-20
B7hSKBJaHwn8LaaCqqRSnreqvsaxg3obRYQ7Ecr2pump,6.820274885878821e-06,6.820274885878821e-06,6.820274885878821e-06,6.820274885878821e-06,12H,1763683200,0.0,usd,2025-11-21
B7hSKBJaHwn8LaaCqqRSnreqvsaxg3obRYQ7Ecr2pump,6.820274885878821e-06,6.820274885878821e-06,6.820274885878821e-06,6.820274885878821e-06,12H,1763726400,0.0,usd,2025-11-21
B7hSKBJaHwn8LaaCqqRSnreqvsaxg3obRYQ7Ecr2pump,6.820274885878821e-06,6.820274885878821e-06,6.820274885878821e-06,6.820274885878821e-06,12H,1763769600,0.0,usd,2025-11-22
B7hSKBJaHwn8LaaCqqRSnreqvsaxg3obRYQ7Ecr2pump,6.820274885878821e-06,6.820274885878821e-06,6.820274885878821e-06,6.820274885878821e-06,12H,1763812800,0.0,usd,2025-11-22
B7hSKBJaHwn8LaaCqqRSnreqvsaxg3obRYQ7Ecr2pump,6.820274885878821e-06,6.820274885878821e-06,6.820274885878821e-06,6.820274885878821e-06,12H,1763856000,0.0,usd,2025-11-23
B7hSKBJaHwn8LaaCqqRSnreqvsaxg3obRYQ7Ecr2pump,6.820274885878821e-06,6.820274885878821e-06,6.820274885878821e-06,6.820274885878821e-06,12H,1763899200,0.0,usd,2025-11-23
B7hSKBJaHwn8LaaCqqRSnreqvsaxg3obRYQ7Ecr2pump,6.820274885878821e-06,6.820274885878821e-06,6.820274885878821e-06,6.820274885878821e-06,12H,1763942400,0.0,usd,2025-11-24
B7hSKBJaHwn8LaaCqqRSnreqvsaxg3obRYQ7Ecr2pump,6.820274885878821e-06,6.820274885878821e-06,6.820274885878821e-06,6.820274885878821e-06,12H,1763985600,0.0,usd,2025-11-24
B7hSKBJaHwn8LaaCqqRSnreqvsaxg3obRYQ7Ecr2pump,6.820274885878821e-06,6.820274885878821e-06,6.820274885878821e-06,6.820274885878821e-06,12H,1764028800,0.0,usd,2025-11-25
B7hSKBJaHwn8LaaCqqRSnreqvsaxg3obRYQ7Ecr2pump,6.820274885878821e-06,6.820274885878821e-06,6.820274885878821e-06,6.820274885878821e-06,12H,1764072000,0.0,usd,2025-11-25
B7hSKBJaHwn8LaaCqqRSnreqvsaxg3obRYQ7Ecr2pump,6.820274885878821e-06,6.820274885878821e-06,6.820274885878821e-06,6.820274885878821e-06,12H,1764115200,0.0,usd,2025-11-26
B7hSKBJaHwn8LaaCqqRSnreqvsaxg3obRYQ7Ecr2pump,6.820274885878821e-06,6.820274885878821e-06,6.820274885878821e-06,6.820274885878821e-06,12H,1764158400,0.0,usd,2025-11-26
B7hSKBJaHwn8LaaCqqRSnreqvsaxg3obRYQ7Ecr2pump,6.820274885878821e-06,6.820274885878821e-06,6.820274885878821e-06,6.820274885878821e-06,12H,1764201600,0.0,usd,2025-11-27
B7hSKBJaHwn8LaaCqqRSnreqvsaxg3obRYQ7Ecr2pump,6.820274885878821e-06,6.820274885878821e-06,6.820274885878821e-06,6.820274885878821e-06,12H,1764244800,0.0,usd,2025-11-27
B7hSKBJaHwn8LaaCqqRSnreqvsaxg3obRYQ7Ecr2pump,6.820274885878821e-06,6.820274885878821e-06,6.820274885878821e-06,6.820274885878821e-06,12H,1764288000,0.0,usd,2025-11-28
B7hSKBJaHwn8LaaCqqRSnreqvsaxg3obRYQ7Ecr2pump,6.820274885878821e-06,6.820274885878821e-06,6.820274885878821e-06,6.820274885878821e-06,12H,1764331200,0.0,usd,2025-11-28
B7hSKBJaHwn8LaaCqqRSnreqvsaxg3obRYQ7Ecr2pump,6.820274885878821e-06,6.820274885878821e-06,6.820274885878821e-06,6.820274885878821e-06,12H,1764374400,0.0,usd,2025-11-29
B7hSKBJaHwn8LaaCqqRSnreqvsaxg3obRYQ7Ecr2pump,6.820274885878821e-06,6.820274885878821e-06,6.820274885878821e-06,6.820274885878821e-06,12H,1764417600,0.0,usd,2025-11-29
B7hSKBJaHwn8LaaCqqRSnreqvsaxg3obRYQ7Ecr2pump,6.820274885878821e-06,6.820274885878821e-06,6.820274885878821e-06,6.820274885878821e-06,12H,1764460800,0.0,usd,2025-11-30
B7hSKBJaHwn8LaaCqqRSnreqvsaxg3obRYQ7Ecr2pump,6.820274885878821e-06,6.820274885878821e-06,6.820274885878821e-06,6.820274885878821e-06,12H,1764504000,0.0,usd,2025-11-30
B7hSKBJaHwn8LaaCqqRSnreqvsaxg3obRYQ7Ecr2pump,6.820274885878821e-06,6.820274885878821e-06,6.820274885878821e-06,6.820274885878821e-06,12H,1764547200,0.0,usd,2025-12-01
B7hSKBJaHwn8LaaCqqRSnreqvsaxg3obRYQ7Ecr2pump,6.820274885878821e-06,6.820274885878821e-06,6.820274885878821e-06,6.820274885878821e-06,12H,1764590400,0.0,usd,2025-12-01
B7hSKBJaHwn8LaaCqqRSnreqvsaxg3obRYQ7Ecr2pump,6.820274885878821e-06,6.820274885878821e-06,6.820274885878821e-06,6.820274885878821e-06,12H,1764633600,0.0,usd,2025-12-02
B7hSKBJaHwn8LaaCqqRSnreqvsaxg3obRYQ7Ecr2pump,6.820274885878821e-06,6.820274885878821e-06,6.820274885878821e-06,6.820274885878821e-06,12H,1764676800,0.0,usd,2025-12-02
B7hSKBJaHwn8LaaCqqRSnreqvsaxg3obRYQ7Ecr2pump,6.820274885878821e-06,6.820274885878821e-06,6.820274885878821e-06,6.820274885878821e-06,12H,1764720000,0.0,usd,2025-12-03
B7hSKBJaHwn8LaaCqqRSnreqvsaxg3obRYQ7Ecr2pump,6.820274885878821e-06,6.820274885878821e-06,6.820274885878821e-06,6.820274885878821e-06,12H,1764763200,0.0,usd,2025-12-03
B7hSKBJaHwn8LaaCqqRSnreqvsaxg3obRYQ7Ecr2pump,6.820274885878821e-06,6.820274885878821e-06,6.820274885878821e-06,6.820274885878821e-06,12H,1764806400,0.0,usd,2025-12-04
B7hSKBJaHwn8LaaCqqRSnreqvsaxg3obRYQ7Ecr2pump,6.820274885878821e-06,6.820274885878821e-06,6.820274885878821e-06,6.820274885878821e-06,12H,1764849600,0.0,usd,2025-12-04
B7hSKBJaHwn8LaaCqqRSnreqvsaxg3obRYQ7Ecr2pump,6.820274885878821e-06,6.820274885878821e-06,6.820274885878821e-06,6.820274885878821e-06,12H,1764892800,0.0,usd,2025-12-05
B7hSKBJaHwn8LaaCqqRSnreqvsaxg3obRYQ7Ecr2pump,6.820274885878821e-06,6.820274885878821e-06,6.820274885878821e-06,6.820274885878821e-06,12H,1764936000,0.0,usd,2025-12-05
B7hSKBJaHwn8LaaCqqRSnreqvsaxg3obRYQ7Ecr2pump,6.820274885878821e-06,6.820274885878821e-06,6.820274885878821e-06,6.820274885878821e-06,12H,1764979200,0.0,usd,2025-12-06
B7hSKBJaHwn8LaaCqqRSnreqvsaxg3obRYQ7Ecr2pump,6.820274885878821e-06,6.820274885878821e-06,6.820274885878821e-06,6.820274885878821e-06,12H,1765022400,0.0,usd,2025-12-06
B7hSKBJaHwn8LaaCqqRSnreqvsaxg3obRYQ7Ecr2pump,6.820274885878821e-06,6.820274885878821e-06,6.820274885878821e-06,6.820274885878821e-06,12H,1765065600,0.0,usd,2025-12-07
B7hSKBJaHwn8LaaCqqRSnreqvsaxg3obRYQ7Ecr2pump,6.820274885878821e-06,6.820274885878821e-06,6.820274885878821e-06,6.820274885878821e-06,12H,1765108800,0.0,usd,2025-12-07
B7hSKBJaHwn8LaaCqqRSnreqvsaxg3obRYQ7Ecr2pump,6.820274885878821e-06,6.820274885878821e-06,6.820274885878821e-06,6.820274885878821e-06,12H,1765152000,0.0,usd,2025-12-08
B7hSKBJaHwn8LaaCqqRSnreqvsaxg3obRYQ7Ecr2pump,6.820274885878821e-06,6.820274885878821e-06,6.820274885878821e-06,6.820274885878821e-06,12H,1765195200,0.0,usd,2025-12-08
